 & AlsMz & dAle5Mz & mtop & mHl & Mz & CW & CHG & CHWB & CHWHB_gaga & CHWHB_gagaorth & CHD & CHbox & CH & CHL1_11 & CHL1_22 & CHL1_33 & CHL3_11 & CHL3_22 & CHL3_33 & CHe_11 & CHe_22 & CHe_33 & CHQ1_11 & CHQ1_33 & CHQ3_11 & CHu_11 & CHd_11 & CHd_33 & CeH_22r & CeH_33r & CuH_22r & CuH_33r & CdH_33r & CLL_1221 & eHggint & eHggpar & eHWWint & eHWWpar & eHZZint & eHZZpar & eHZgaint & eHZgapar & eHgagaint & eHmumuint & eHtautauint & eHccint & eHccpar & eHbbint & eHbbpar \\
AlsMz & $1$ & $-0.128739$ & $0.187795$ & $0.121079$ & $0.00241006$ & $0.00228337$ & $0.00546499$ & $-0.00181293$ & $0.0014147$ & $0.000659291$ & $-0.010031$ & $-0.0107361$ & $-0.00711627$ & $0.0183943$ & $0.00266603$ & $0.007979$ & $0.00938416$ & $0.0132607$ & $0.00948668$ & $0.00246532$ & $4.54617e-05$ & $-0.000880315$ & $-0.00485788$ & $-0.0416915$ & $-0.0977771$ & $-0.0427989$ & $-0.0468124$ & $0.0102971$ & $-0.0113957$ & $-0.012888$ & $0.0149605$ & $0.00254931$ & $-0.0722218$ & $-0.0116993$ & $-0.0104334$ & $0.0654389$ & $0.117429$ & $0.00607477$ & $0.0892595$ & $0.00660004$ & $0.00742344$ & $0.016139$ & $0.144362$ & $-0.164907$ & $0.070234$ & $0.14087$ & $0.0387249$ & $-0.182586$ & $-0.0644488$ \\
dAle5Mz & $-0.128739$ & $1$ & $-0.0344216$ & $0.136419$ & $-0.0143132$ & $0.0060039$ & $-0.00592556$ & $-0.0645429$ & $-0.0547583$ & $0.0251854$ & $0.0470131$ & $0.012525$ & $-0.0140066$ & $-0.00696072$ & $-0.00373738$ & $-0.00268708$ & $0.0199685$ & $0.0160659$ & $0.0155677$ & $-0.0269593$ & $-0.0304718$ & $-0.0312494$ & $-0.0100572$ & $0.0388299$ & $0.0266352$ & $0.0215211$ & $-0.0202328$ & $-0.00920867$ & $0.00584468$ & $-0.011237$ & $-0.013237$ & $-0.00213899$ & $0.0304769$ & $-0.00369844$ & $0.0964061$ & $-0.21665$ & $0.00700804$ & $0.0177794$ & $0.111566$ & $-0.030696$ & $-0.0100423$ & $-0.00171549$ & $0.167729$ & $0.14856$ & $-0.0551549$ & $0.127077$ & $-0.0685811$ & $-0.105526$ & $0.12399$ \\
mtop & $0.187795$ & $-0.0344216$ & $1$ & $0.0133734$ & $-0.00834763$ & $0.00345974$ & $-0.0105655$ & $-0.00430619$ & $-0.00422078$ & $0.000809763$ & $0.0118481$ & $0.0130821$ & $0.0151917$ & $-0.010611$ & $0.00284094$ & $-0.00996096$ & $0.000558514$ & $-0.0057902$ & $0.00326859$ & $-0.00671302$ & $-0.0066876$ & $-0.00768594$ & $-0.00398804$ & $-0.00974974$ & $-0.0235832$ & $0.00180645$ & $-0.0111819$ & $0.00529872$ & $0.001399$ & $0.00905557$ & $-0.0403632$ & $-0.00159309$ & $0.0144768$ & $-0.00449339$ & $0.0821771$ & $0.0547654$ & $-0.0476022$ & $-0.00244062$ & $-0.129805$ & $0.0129257$ & $0.113284$ & $0.0281041$ & $0.03352$ & $-0.137721$ & $-0.00790337$ & $0.0485542$ & $-0.172232$ & $0.0225946$ & $0.0147296$ \\
mHl & $0.121079$ & $0.136419$ & $0.0133734$ & $1$ & $-0.0285547$ & $0.00589502$ & $-0.00322451$ & $-0.0138138$ & $-0.0225754$ & $0.00868347$ & $0.015273$ & $0.016696$ & $0.00179166$ & $-0.0115549$ & $-0.0106417$ & $0.00222037$ & $-0.0069257$ & $0.000468978$ & $-0.00874273$ & $-0.013418$ & $-0.0136534$ & $-0.0136065$ & $-0.0153531$ & $-0.0056221$ & $-0.0226871$ & $0.0137096$ & $-0.0145723$ & $-0.0134689$ & $-0.0107338$ & $-0.0581561$ & $-0.0253173$ & $0.00483835$ & $-0.0685014$ & $0.0035996$ & $0.23739$ & $-0.0459602$ & $0.307347$ & $-0.000416553$ & $0.219573$ & $0.0144769$ & $-0.122642$ & $0.0112691$ & $-0.0161562$ & $-0.0140202$ & $-0.001026$ & $0.0582906$ & $0.0229554$ & $-0.0374694$ & $0.0125243$ \\
Mz & $0.00241006$ & $-0.0143132$ & $-0.00834763$ & $-0.0285547$ & $1$ & $0.00135801$ & $0.00250948$ & $0.0147611$ & $0.0150053$ & $-0.0120608$ & $-0.000433662$ & $-0.00201517$ & $0.0136478$ & $0.00606748$ & $-0.00142706$ & $0.0123081$ & $-0.0104523$ & $-0.0045648$ & $-0.0177053$ & $0.010386$ & $0.0122719$ & $0.0116771$ & $0.0017903$ & $-0.0134543$ & $-0.0150057$ & $-0.00985694$ & $-0.000610559$ & $0.0101911$ & $0.0029079$ & $0.00549529$ & $-0.00224003$ & $4.7773e-05$ & $0.00833815$ & $0.00928578$ & $-0.0242148$ & $-0.00279982$ & $-0.00788769$ & $-0.00821586$ & $0.00329513$ & $0.00432142$ & $0.0171046$ & $0.00658328$ & $-0.00278571$ & $-0.00105852$ & $0.00994972$ & $-0.00877076$ & $-0.0107613$ & $-0.00355988$ & $0.00491676$ \\
CW & $0.00228337$ & $0.0060039$ & $0.00345974$ & $0.00589502$ & $0.00135801$ & $1$ & $0.00698064$ & $-0.12265$ & $-0.120346$ & $0.0177559$ & $0.182998$ & $0.0578942$ & $0.00504038$ & $0.0158482$ & $-0.0811641$ & $-0.0774785$ & $-0.262075$ & $-0.0521877$ & $-0.0545521$ & $-0.180867$ & $-0.185256$ & $-0.182957$ & $-0.00898126$ & $0.000396604$ & $-0.0900926$ & $0.106011$ & $-0.0742188$ & $-0.0556026$ & $0.00177867$ & $-0.00394788$ & $-0.00297261$ & $0.0099804$ & $-0.00537749$ & $-0.117139$ & $0.00118484$ & $0.00769219$ & $0.00762338$ & $-0.00954175$ & $-0.0168349$ & $-0.00153663$ & $0.00700571$ & $0.0123375$ & $-0.0108952$ & $0.00981774$ & $-0.0020519$ & $0.00672136$ & $-0.0103898$ & $0.00308661$ & $-0.00322275$ \\
CHG & $0.00546499$ & $-0.00592556$ & $-0.0105655$ & $-0.00322451$ & $0.00250948$ & $0.00698064$ & $1$ & $-0.0986493$ & $-0.0478392$ & $0.0659537$ & $0.0539174$ & $-0.140869$ & $-0.296433$ & $0.0543483$ & $-0.0200851$ & $-0.0213358$ & $0.0898128$ & $0.0977055$ & $0.0976308$ & $-0.0521422$ & $-0.0574841$ & $-0.0567859$ & $-0.0126037$ & $0.105548$ & $0.0954645$ & $0.0336295$ & $-0.0406057$ & $-0.0189131$ & $0.00664539$ & $-0.133024$ & $-0.0797805$ & $0.932959$ & $-0.160382$ & $-0.0623196$ & $-0.0421194$ & $-0.0384712$ & $0.0113152$ & $0.00883117$ & $-0.0164572$ & $-0.0102041$ & $-0.0205564$ & $-0.0123449$ & $-0.0065309$ & $0.00854734$ & $-0.0207274$ & $0.00907132$ & $-0.0300361$ & $-0.00747264$ & $-0.00314288$ \\
CHWB & $-0.00181293$ & $-0.0645429$ & $-0.00430619$ & $-0.0138138$ & $0.0147611$ & $-0.12265$ & $-0.0986493$ & $1$ & $0.984704$ & $-0.576337$ & $-0.881569$ & $-0.113555$ & $0.33129$ & $0.111591$ & $0.296466$ & $0.296247$ & $-0.229222$ & $-0.425212$ & $-0.426535$ & $0.853235$ & $0.898721$ & $0.881738$ & $0.0746315$ & $-0.672074$ & $-0.387905$ & $-0.512921$ & $0.431304$ & $0.297756$ & $0.0144323$ & $0.0990893$ & $0.0558706$ & $-0.0958642$ & $0.100467$ & $0.565615$ & $-0.0067558$ & $0.027905$ & $-0.00101147$ & $0.00269939$ & $-0.00774821$ & $0.00676917$ & $0.0022137$ & $0.00540416$ & $0.002012$ & $-0.0153948$ & $0.00330708$ & $-0.0245733$ & $0.0116645$ & $0.0145659$ & $-0.00486392$ \\
CHWHB_gaga & $0.0014147$ & $-0.0547583$ & $-0.00422078$ & $-0.0225754$ & $0.0150053$ & $-0.120346$ & $-0.0478392$ & $0.984704$ & $1$ & $-0.567369$ & $-0.865734$ & $-0.0950582$ & $0.325667$ & $0.1047$ & $0.292154$ & $0.292095$ & $-0.231145$ & $-0.423434$ & $-0.424799$ & $0.838447$ & $0.88278$ & $0.865919$ & $0.0725009$ & $-0.664819$ & $-0.386871$ & $-0.503466$ & $0.423813$ & $0.292203$ & $0.0220733$ & $0.123029$ & $0.0692402$ & $-0.0537202$ & $0.127878$ & $0.556789$ & $-0.0228492$ & $0.0118852$ & $-0.0239389$ & $0.00244106$ & $-0.0152361$ & $0.00454685$ & $-0.000637685$ & $0.00560382$ & $0.0588036$ & $-0.00832792$ & $0.00785009$ & $-0.0159304$ & $0.0106146$ & $0.0134914$ & $0.000314686$ \\
CHWHB_gagaorth & $0.000659291$ & $0.0251854$ & $0.000809763$ & $0.00868347$ & $-0.0120608$ & $0.0177559$ & $0.0659537$ & $-0.576337$ & $-0.567369$ & $1$ & $0.368676$ & $0.468271$ & $-0.238325$ & $0.21092$ & $-0.129962$ & $-0.135899$ & $0.418241$ & $0.479292$ & $0.482959$ & $-0.355468$ & $-0.384301$ & $-0.3792$ & $-0.0526798$ & $0.55376$ & $0.465088$ & $0.217149$ & $-0.240437$ & $-0.123373$ & $-0.0146171$ & $-0.128429$ & $-0.0673529$ & $0.0825473$ & $-0.132053$ & $-0.351427$ & $0.0388878$ & $-0.00328433$ & $0.0113543$ & $-0.00526325$ & $-0.00087477$ & $-0.00897652$ & $-0.0392615$ & $-0.0117878$ & $-0.00992969$ & $0.00554141$ & $0.000843545$ & $0.0127744$ & $-0.00474183$ & $-0.00722563$ & $0.0125708$ \\
CHD & $-0.010031$ & $0.0470131$ & $0.0118481$ & $0.015273$ & $-0.000433662$ & $0.182998$ & $0.0539174$ & $-0.881569$ & $-0.865734$ & $0.368676$ & $1$ & $0.213$ & $-0.163201$ & $-0.52042$ & $-0.420074$ & $-0.414894$ & $-0.222505$ & $0.0629884$ & $0.0638533$ & $-0.990546$ & $-0.991392$ & $-0.97079$ & $-0.0204324$ & $0.312466$ & $0.0126464$ & $0.569806$ & $-0.300187$ & $-0.330825$ & $-0.00148924$ & $-0.0548152$ & $-0.035579$ & $0.0621426$ & $-0.0568258$ & $-0.371976$ & $0.0132686$ & $-0.00786882$ & $-0.000192118$ & $-0.000664891$ & $0.00143643$ & $-0.00311845$ & $0.0061326$ & $-0.00446959$ & $-0.00514729$ & $0.0112778$ & $-0.00405254$ & $0.0193896$ & $-0.00591949$ & $-0.0085405$ & $-0.00274112$ \\
CHbox & $-0.0107361$ & $0.012525$ & $0.0130821$ & $0.016696$ & $-0.00201517$ & $0.0578942$ & $-0.140869$ & $-0.113555$ & $-0.0950582$ & $0.468271$ & $0.213$ & $1$ & $0.438176$ & $-0.249119$ & $-0.0184089$ & $-0.0226317$ & $-0.215455$ & $-0.171854$ & $-0.166829$ & $-0.195387$ & $-0.216155$ & $-0.210689$ & $-0.0223604$ & $-0.044293$ & $-0.171866$ & $0.125944$ & $-0.0956809$ & $-0.071263$ & $0.0463602$ & $0.283919$ & $0.0880607$ & $-0.0438457$ & $0.342703$ & $-0.086026$ & $0.0892741$ & $0.0503152$ & $0.0117802$ & $0.00164259$ & $-0.00739706$ & $-0.00581029$ & $-0.0201287$ & $-0.00931013$ & $-0.0115504$ & $-0.0113598$ & $-0.00290639$ & $-0.000153428$ & $0.00295923$ & $0.00757862$ & $0.00962667$ \\
CH & $-0.00711627$ & $-0.0140066$ & $0.0151917$ & $0.00179166$ & $0.0136478$ & $0.00504038$ & $-0.296433$ & $0.33129$ & $0.325667$ & $-0.238325$ & $-0.163201$ & $0.438176$ & $1$ & $-0.221862$ & $0.0681254$ & $0.0677968$ & $-0.339957$ & $-0.361698$ & $-0.360084$ & $0.159165$ & $0.173967$ & $0.172481$ & $0.0283515$ & $-0.372434$ & $-0.35272$ & $-0.0982882$ & $0.130985$ & $0.0569236$ & $0.0481688$ & $0.256714$ & $0.116933$ & $-0.245107$ & $0.316718$ & $0.204828$ & $0.0321964$ & $0.0440078$ & $0.00234262$ & $0.00136112$ & $-0.00555822$ & $0.00340408$ & $0.0135509$ & $-4.062e-05$ & $-0.00177923$ & $-0.0196871$ & $-0.00268815$ & $-0.00865965$ & $0.00343477$ & $0.0105346$ & $0.00235532$ \\
CHL1_11 & $0.0183943$ & $-0.00696072$ & $-0.010611$ & $-0.0115549$ & $0.00606748$ & $0.0158482$ & $0.0543483$ & $0.111591$ & $0.1047$ & $0.21092$ & $-0.52042$ & $-0.249119$ & $-0.221862$ & $1$ & $0.273701$ & $0.266195$ & $0.659845$ & $0.593776$ & $0.592183$ & $0.538098$ & $0.481679$ & $0.467351$ & $-0.0702907$ & $0.457006$ & $0.594154$ & $-0.283731$ & $-0.0887579$ & $0.166932$ & $-0.0193577$ & $-0.0565805$ & $-0.025493$ & $0.0322792$ & $-0.0533803$ & $-0.200985$ & $-0.0194031$ & $-0.0245977$ & $0.00125297$ & $-0.00743241$ & $0.00333149$ & $0.000158823$ & $-0.0120925$ & $0.001233$ & $0.00395187$ & $0.00228119$ & $0.00310015$ & $-8.88454e-05$ & $-0.0126478$ & $0.00213693$ & $0.0140737$ \\
CHL1_22 & $0.00266603$ & $-0.00373738$ & $0.00284094$ & $-0.0106417$ & $-0.00142706$ & $-0.0811641$ & $-0.0200851$ & $0.296466$ & $0.292154$ & $-0.129962$ & $-0.420074$ & $-0.0184089$ & $0.0681254$ & $0.273701$ & $1$ & $0.448437$ & $0.172053$ & $-0.44793$ & $-0.0305814$ & $0.485469$ & $0.337105$ & $0.327274$ & $-0.178504$ & $0.109308$ & $-0.134164$ & $-0.196367$ & $-0.394923$ & $0.110793$ & $-0.00338293$ & $0.0268646$ & $0.01549$ & $-0.0181105$ & $0.0327997$ & $-0.590868$ & $-0.00265005$ & $0.00507437$ & $0.00464108$ & $0.00240072$ & $-0.000110122$ & $-0.0116509$ & $0.00132613$ & $0.00499901$ & $0.00872182$ & $-0.0111593$ & $-0.00992869$ & $-0.00660498$ & $-0.0068567$ & $0.00173398$ & $0.00301123$ \\
CHL1_33 & $0.007979$ & $-0.00268708$ & $-0.00996096$ & $0.00222037$ & $0.0123081$ & $-0.0774785$ & $-0.0213358$ & $0.296247$ & $0.292095$ & $-0.135899$ & $-0.414894$ & $-0.0226317$ & $0.0677968$ & $0.266195$ & $0.448437$ & $1$ & $0.163373$ & $-0.0302546$ & $-0.437943$ & $0.478939$ & $0.334993$ & $0.353159$ & $-0.164638$ & $0.100542$ & $-0.132581$ & $-0.201524$ & $-0.381292$ & $0.110984$ & $0.00179859$ & $0.0296587$ & $0.0194057$ & $-0.0205162$ & $0.0283718$ & $-0.0979736$ & $-0.00873377$ & $0.00138104$ & $0.00931548$ & $0.0104626$ & $0.00098717$ & $-0.00147625$ & $-0.00150799$ & $0.0030563$ & $0.00981134$ & $-0.00813572$ & $0.00569534$ & $-0.00666033$ & $-0.00115759$ & $0.0123407$ & $0.000217576$ \\
CHL3_11 & $0.00938416$ & $0.0199685$ & $0.000558514$ & $-0.0069257$ & $-0.0104523$ & $-0.262075$ & $0.0898128$ & $-0.229222$ & $-0.231145$ & $0.418241$ & $-0.222505$ & $-0.215455$ & $-0.339957$ & $0.659845$ & $0.172053$ & $0.163373$ & $1$ & $0.731552$ & $0.732819$ & $0.244895$ & $0.190049$ & $0.182923$ & $-0.0735694$ & $0.670514$ & $0.773044$ & $-0.113864$ & $-0.160184$ & $0.0655352$ & $-0.0261933$ & $-0.0900538$ & $-0.039711$ & $0.0669238$ & $-0.0899238$ & $-0.247122$ & $-0.0124643$ & $-0.0379395$ & $-0.00235528$ & $-0.00183769$ & $0.00885901$ & $-0.00856203$ & $-0.0188818$ & $-0.0037019$ & $-0.00143739$ & $0.00602765$ & $-0.00119806$ & $0.00746428$ & $-0.00988068$ & $-0.0116593$ & $0.013513$ \\
CHL3_22 & $0.0132607$ & $0.0160659$ & $-0.0057902$ & $0.000468978$ & $-0.0045648$ & $-0.0521877$ & $0.0977055$ & $-0.425212$ & $-0.423434$ & $0.479292$ & $0.0629884$ & $-0.171854$ & $-0.361698$ & $0.593776$ & $-0.44793$ & $-0.0302546$ & $0.731552$ & $1$ & $0.673982$ & $-0.0661241$ & $-0.0572542$ & $-0.0550689$ & $0.0118346$ & $0.613229$ & $0.79263$ & $0.0268958$ & $-0.000808482$ & $-0.0137775$ & $-0.0221859$ & $-0.100863$ & $-0.0485777$ & $0.075796$ & $-0.103718$ & $0.0411757$ & $-0.0119313$ & $-0.0369319$ & $-0.00275656$ & $-0.00535503$ & $0.00717645$ & $0.00236682$ & $-0.014554$ & $-0.00535397$ & $-0.00433355$ & $0.0127694$ & $0.00832886$ & $0.0111281$ & $-0.00797148$ & $-0.00635398$ & $0.011108$ \\
CHL3_33 & $0.00948668$ & $0.0155677$ & $0.00326859$ & $-0.00874273$ & $-0.0177053$ & $-0.0545521$ & $0.0976308$ & $-0.426535$ & $-0.424799$ & $0.482959$ & $0.0638533$ & $-0.166829$ & $-0.360084$ & $0.592183$ & $-0.0305814$ & $-0.437943$ & $0.732819$ & $0.673982$ & $1$ & $-0.0665966$ & $-0.0583431$ & $-0.0570291$ & $0.00549786$ & $0.615376$ & $0.792664$ & $0.0325009$ & $-0.00237336$ & $-0.0150701$ & $-0.0249342$ & $-0.101374$ & $-0.0511933$ & $0.0772246$ & $-0.0995394$ & $-0.336502$ & $-0.00732703$ & $-0.0345582$ & $-0.00661934$ & $-0.0134202$ & $0.0064598$ & $-0.00694985$ & $-0.0140524$ & $-0.00371706$ & $-0.00581084$ & $0.0107555$ & $-0.00380225$ & $0.0104203$ & $-0.0114773$ & $-0.0156716$ & $0.0120362$ \\
CHe_11 & $0.00246532$ & $-0.0269593$ & $-0.00671302$ & $-0.013418$ & $0.010386$ & $-0.180867$ & $-0.0521422$ & $0.853235$ & $0.838447$ & $-0.355468$ & $-0.990546$ & $-0.195387$ & $0.159165$ & $0.538098$ & $0.485469$ & $0.478939$ & $0.244895$ & $-0.0661241$ & $-0.0665966$ & $1$ & $0.973124$ & $0.953345$ & $-0.00522808$ & $-0.25884$ & $-0.00675207$ & $-0.559669$ & $0.225743$ & $0.324602$ & $0.00109004$ & $0.0548858$ & $0.0348902$ & $-0.0593429$ & $0.0582046$ & $0.293234$ & $-0.0103974$ & $0.00319443$ & $-0.000390007$ & $0.00103628$ & $-0.00114371$ & $0.00187342$ & $-0.0053423$ & $0.00468233$ & $0.00855599$ & $-0.00842285$ & $0.00301308$ & $-0.0179114$ & $0.0027334$ & $0.00898771$ & $0.00536586$ \\
CHe_22 & $4.54617e-05$ & $-0.0304718$ & $-0.0066876$ & $-0.0136534$ & $0.0122719$ & $-0.185256$ & $-0.0574841$ & $0.898721$ & $0.88278$ & $-0.384301$ & $-0.991392$ & $-0.216155$ & $0.173967$ & $0.481679$ & $0.337105$ & $0.334993$ & $0.190049$ & $-0.0572542$ & $-0.0583431$ & $0.973124$ & $1$ & $0.975655$ & $0.04858$ & $-0.366972$ & $-0.0169068$ & $-0.571721$ & $0.380082$ & $0.332544$ & $0.00282473$ & $0.0570624$ & $0.0362643$ & $-0.0655056$ & $0.0602541$ & $0.456849$ & $-0.0102961$ & $0.00448419$ & $-0.00199823$ & $0.000285666$ & $-0.0020415$ & $0.00379515$ & $-0.00579026$ & $0.00436533$ & $0.00640589$ & $-0.00757418$ & $0.00281689$ & $-0.0180193$ & $0.00467761$ & $0.00776171$ & $0.00520137$ \\
CHe_33 & $-0.000880315$ & $-0.0312494$ & $-0.00768594$ & $-0.0136065$ & $0.0116771$ & $-0.182957$ & $-0.0567859$ & $0.881738$ & $0.865919$ & $-0.3792$ & $-0.97079$ & $-0.210689$ & $0.172481$ & $0.467351$ & $0.327274$ & $0.353159$ & $0.182923$ & $-0.0550689$ & $-0.0570291$ & $0.953345$ & $0.975655$ & $1$ & $0.0477871$ & $-0.361402$ & $-0.0173169$ & $-0.559216$ & $0.373999$ & $0.325756$ & $0.00328429$ & $0.0577776$ & $0.0358168$ & $-0.0642255$ & $0.0591837$ & $0.453612$ & $-0.0102142$ & $0.00551301$ & $-0.0044027$ & $0.000243333$ & $0.00102508$ & $0.00319137$ & $-0.00630347$ & $0.00375308$ & $0.0046877$ & $-0.00749253$ & $0.00262698$ & $-0.0192808$ & $0.00539342$ & $0.00865843$ & $0.0024192$ \\
CHQ1_11 & $-0.00485788$ & $-0.0100572$ & $-0.00398804$ & $-0.0153531$ & $0.0017903$ & $-0.00898126$ & $-0.0126037$ & $0.0746315$ & $0.0725009$ & $-0.0526798$ & $-0.0204324$ & $-0.0223604$ & $0.0283515$ & $-0.0702907$ & $-0.178504$ & $-0.164638$ & $-0.0735694$ & $0.0118346$ & $0.00549786$ & $-0.00522808$ & $0.04858$ & $0.0477871$ & $1$ & $-0.14261$ & $0.0848349$ & $-0.676468$ & $0.352649$ & $0.0184253$ & $-0.00161322$ & $-0.000764501$ & $0.00577685$ & $-0.0112289$ & $0.00573436$ & $0.210644$ & $0.00876632$ & $6.75289e-05$ & $0.00121943$ & $-0.00169298$ & $-0.00274965$ & $0.00527668$ & $0.00271384$ & $-0.0092442$ & $0.00197802$ & $-0.0070735$ & $0.00687575$ & $0.0118244$ & $0.0106631$ & $0.0123414$ & $0.00820678$ \\
CHQ1_33 & $-0.0416915$ & $0.0388299$ & $-0.00974974$ & $-0.0056221$ & $-0.0134543$ & $0.000396604$ & $0.105548$ & $-0.672074$ & $-0.664819$ & $0.55376$ & $0.312466$ & $-0.044293$ & $-0.372434$ & $0.457006$ & $0.109308$ & $0.100542$ & $0.670514$ & $0.613229$ & $0.615376$ & $-0.25884$ & $-0.366972$ & $-0.361402$ & $-0.14261$ & $1$ & $0.632102$ & $0.207651$ & $-0.426069$ & $-0.0190216$ & $-0.0188135$ & $-0.104447$ & $-0.0531217$ & $0.0918488$ & $-0.0978135$ & $-0.631371$ & $-0.00909939$ & $-0.0361866$ & $-0.00391581$ & $-0.00467701$ & $-0.000997997$ & $-0.0108954$ & $-0.0120581$ & $-0.00622924$ & $-0.01088$ & $0.0229912$ & $-0.00803521$ & $0.00333579$ & $-0.00950147$ & $0.00521326$ & $0.0136284$ \\
CHQ3_11 & $-0.0977771$ & $0.0266352$ & $-0.0235832$ & $-0.0226871$ & $-0.0150057$ & $-0.0900926$ & $0.0954645$ & $-0.387905$ & $-0.386871$ & $0.465088$ & $0.0126464$ & $-0.171866$ & $-0.35272$ & $0.594154$ & $-0.134164$ & $-0.132581$ & $0.773044$ & $0.79263$ & $0.792664$ & $-0.00675207$ & $-0.0169068$ & $-0.0173169$ & $0.0848349$ & $0.632102$ & $1$ & $0.00906748$ & $0.214014$ & $-0.00381247$ & $-0.0260433$ & $-0.101717$ & $-0.0498023$ & $0.0737403$ & $-0.0929499$ & $-0.187274$ & $-0.0113928$ & $-0.0438893$ & $-0.0171337$ & $-0.00666484$ & $-0.00593636$ & $-0.00406123$ & $-0.0187408$ & $-0.0117799$ & $-0.0235935$ & $0.0241109$ & $-0.00674434$ & $-0.0036564$ & $-0.0108407$ & $0.015545$ & $0.0181369$ \\
CHu_11 & $-0.0427989$ & $0.0215211$ & $0.00180645$ & $0.0137096$ & $-0.00985694$ & $0.106011$ & $0.0336295$ & $-0.512921$ & $-0.503466$ & $0.217149$ & $0.569806$ & $0.125944$ & $-0.0982882$ & $-0.283731$ & $-0.196367$ & $-0.201524$ & $-0.113864$ & $0.0268958$ & $0.0325009$ & $-0.559669$ & $-0.571721$ & $-0.559216$ & $-0.676468$ & $0.207651$ & $0.00906748$ & $1$ & $-0.183234$ & $-0.193888$ & $0.00117994$ & $-0.0283331$ & $-0.0255365$ & $0.0364228$ & $-0.0355514$ & $-0.25765$ & $-0.00744291$ & $-0.00358955$ & $-0.00616604$ & $0.00385253$ & $-0.00891808$ & $-0.00456727$ & $0.000730142$ & $0.00208614$ & $-0.0157528$ & $0.0153003$ & $-0.0136994$ & $-0.00364109$ & $-0.00970739$ & $-0.00382361$ & $-0.0132413$ \\
CHd_11 & $-0.0468124$ & $-0.0202328$ & $-0.0111819$ & $-0.0145723$ & $-0.000610559$ & $-0.0742188$ & $-0.0406057$ & $0.431304$ & $0.423813$ & $-0.240437$ & $-0.300187$ & $-0.0956809$ & $0.130985$ & $-0.0887579$ & $-0.394923$ & $-0.381292$ & $-0.160184$ & $-0.000808482$ & $-0.00237336$ & $0.225743$ & $0.380082$ & $0.373999$ & $0.352649$ & $-0.426069$ & $0.214014$ & $-0.183234$ & $1$ & $0.111895$ & $0.00473821$ & $0.0272905$ & $0.0177698$ & $-0.0438778$ & $0.0323985$ & $0.687863$ & $-0.00500778$ & $0.00338013$ & $-0.0114319$ & $-0.00158522$ & $-0.0118809$ & $0.00677709$ & $-0.00642449$ & $-0.00901324$ & $-0.0150138$ & $0.00339273$ & $-0.00368789$ & $-0.0121004$ & $0.0145487$ & $0.0163255$ & $-0.000940029$ \\
CHd_33 & $0.0102971$ & $-0.00920867$ & $0.00529872$ & $-0.0134689$ & $0.0101911$ & $-0.0556026$ & $-0.0189131$ & $0.297756$ & $0.292203$ & $-0.123373$ & $-0.330825$ & $-0.071263$ & $0.0569236$ & $0.166932$ & $0.110793$ & $0.110984$ & $0.0655352$ & $-0.0137775$ & $-0.0150701$ & $0.324602$ & $0.332544$ & $0.325756$ & $0.0184253$ & $-0.0190216$ & $-0.00381247$ & $-0.193888$ & $0.111895$ & $1$ & $0.00946004$ & $0.0188843$ & $0.0189558$ & $-0.0218287$ & $0.0238062$ & $0.151158$ & $-0.00664086$ & $0.00285465$ & $-0.00433412$ & $-0.00190307$ & $0.00857178$ & $0.00549427$ & $0.00137876$ & $0.00277959$ & $0.00257721$ & $0.00598274$ & $0.002067$ & $-0.011858$ & $0.0136279$ & $0.00410305$ & $0.0111343$ \\
CeH_22r & $-0.0113957$ & $0.00584468$ & $0.001399$ & $-0.0107338$ & $0.0029079$ & $0.00177867$ & $0.00664539$ & $0.0144323$ & $0.0220733$ & $-0.0146171$ & $-0.00148924$ & $0.0463602$ & $0.0481688$ & $-0.0193577$ & $-0.00338293$ & $0.00179859$ & $-0.0261933$ & $-0.0221859$ & $-0.0249342$ & $0.00109004$ & $0.00282473$ & $0.00328429$ & $-0.00161322$ & $-0.0188135$ & $-0.0260433$ & $0.00117994$ & $0.00473821$ & $0.00946004$ & $1$ & $0.0475845$ & $0.0214365$ & $-0.00666789$ & $0.0545034$ & $0.0135915$ & $-0.0308264$ & $-0.0093764$ & $-0.0151138$ & $0.00185028$ & $-0.0152484$ & $-0.0011189$ & $-0.00295589$ & $-0.00540324$ & $0.0106542$ & $0.0109029$ & $0.00881613$ & $-0.00150943$ & $0.000690589$ & $-0.00051422$ & $-0.00562241$ \\
CeH_33r & $-0.012888$ & $-0.011237$ & $0.00905557$ & $-0.0581561$ & $0.00549529$ & $-0.00394788$ & $-0.133024$ & $0.0990893$ & $0.123029$ & $-0.128429$ & $-0.0548152$ & $0.283919$ & $0.256714$ & $-0.0565805$ & $0.0268646$ & $0.0296587$ & $-0.0900538$ & $-0.100863$ & $-0.101374$ & $0.0548858$ & $0.0570624$ & $0.0577776$ & $-0.000764501$ & $-0.104447$ & $-0.101717$ & $-0.0283331$ & $0.0272905$ & $0.0188843$ & $0.0475845$ & $1$ & $0.320822$ & $0.0193669$ & $0.669623$ & $0.0557376$ & $-0.0540172$ & $-0.0183679$ & $-0.17856$ & $-0.0178818$ & $-0.00410437$ & $-0.00658498$ & $0.00917413$ & $0.00278991$ & $0.0437559$ & $0.0246196$ & $0.0801188$ & $-0.0297292$ & $0.0189433$ & $0.00735461$ & $-0.00306549$ \\
CuH_22r & $0.0149605$ & $-0.013237$ & $-0.0403632$ & $-0.0253173$ & $-0.00224003$ & $-0.00297261$ & $-0.0797805$ & $0.0558706$ & $0.0692402$ & $-0.0673529$ & $-0.035579$ & $0.0880607$ & $0.116933$ & $-0.025493$ & $0.01549$ & $0.0194057$ & $-0.039711$ & $-0.0485777$ & $-0.0511933$ & $0.0348902$ & $0.0362643$ & $0.0358168$ & $0.00577685$ & $-0.0531217$ & $-0.0498023$ & $-0.0255365$ & $0.0177698$ & $0.0189558$ & $0.0214365$ & $0.320822$ & $1$ & $0.013186$ & $0.345119$ & $0.0328121$ & $-0.00934702$ & $-0.0170129$ & $-0.0951429$ & $-0.00869134$ & $0.00594556$ & $0.00338709$ & $-0.012969$ & $0.00198612$ & $0.0345468$ & $-0.0016941$ & $0.0636602$ & $-0.00200568$ & $0.251071$ & $-0.00407138$ & $-0.0629373$ \\
CuH_33r & $0.00254931$ & $-0.00213899$ & $-0.00159309$ & $0.00483835$ & $4.7773e-05$ & $0.0099804$ & $0.932959$ & $-0.0958642$ & $-0.0537202$ & $0.0825473$ & $0.0621426$ & $-0.0438457$ & $-0.245107$ & $0.0322792$ & $-0.0181105$ & $-0.0205162$ & $0.0669238$ & $0.075796$ & $0.0772246$ & $-0.0593429$ & $-0.0655056$ & $-0.0642255$ & $-0.0112289$ & $0.0918488$ & $0.0737403$ & $0.0364228$ & $-0.0438778$ & $-0.0218287$ & $-0.00666789$ & $0.0193669$ & $0.013186$ & $1$ & $0.0318166$ & $-0.0621006$ & $0.0318392$ & $-0.0149216$ & $-0.0154915$ & $0.00257917$ & $0.00157631$ & $-0.00918359$ & $-0.0170444$ & $-0.0154937$ & $0.00111126$ & $0.014353$ & $-0.0150993$ & $0.00147263$ & $-0.0304839$ & $-0.00101693$ & $0.00916665$ \\
CdH_33r & $-0.0722218$ & $0.0304769$ & $0.0144768$ & $-0.0685014$ & $0.00833815$ & $-0.00537749$ & $-0.160382$ & $0.100467$ & $0.127878$ & $-0.132053$ & $-0.0568258$ & $0.342703$ & $0.316718$ & $-0.0533803$ & $0.0327997$ & $0.0283718$ & $-0.0899238$ & $-0.103718$ & $-0.0995394$ & $0.0582046$ & $0.0602541$ & $0.0591837$ & $0.00573436$ & $-0.0978135$ & $-0.0929499$ & $-0.0355514$ & $0.0323985$ & $0.0238062$ & $0.0545034$ & $0.669623$ & $0.345119$ & $0.0318166$ & $1$ & $0.0531398$ & $0.0288161$ & $-0.089367$ & $-0.189825$ & $-0.0380718$ & $-0.0345735$ & $0.00251662$ & $0.0124242$ & $0.00101968$ & $0.0935223$ & $0.116965$ & $0.00759176$ & $0.0184544$ & $-0.0847804$ & $0.165539$ & $0.399649$ \\
CLL_1221 & $-0.0116993$ & $-0.00369844$ & $-0.00449339$ & $0.0035996$ & $0.00928578$ & $-0.117139$ & $-0.0623196$ & $0.565615$ & $0.556789$ & $-0.351427$ & $-0.371976$ & $-0.086026$ & $0.204828$ & $-0.200985$ & $-0.590868$ & $-0.0979736$ & $-0.247122$ & $0.0411757$ & $-0.336502$ & $0.293234$ & $0.456849$ & $0.453612$ & $0.210644$ & $-0.631371$ & $-0.187274$ & $-0.25765$ & $0.687863$ & $0.151158$ & $0.0135915$ & $0.0557376$ & $0.0328121$ & $-0.0621006$ & $0.0531398$ & $1$ & $0.00139543$ & $0.00772709$ & $-0.0050121$ & $0.00343475$ & $0.00019824$ & $0.0124979$ & $-0.00137155$ & $-0.00114846$ & $0.000612765$ & $0.00252154$ & $0.00688021$ & $-0.00807565$ & $0.0132818$ & $0.00437235$ & $-0.000989479$ \\
eHggint & $-0.0104334$ & $0.0964061$ & $0.0821771$ & $0.23739$ & $-0.0242148$ & $0.00118484$ & $-0.0421194$ & $-0.0067558$ & $-0.0228492$ & $0.0388878$ & $0.0132686$ & $0.0892741$ & $0.0321964$ & $-0.0194031$ & $-0.00265005$ & $-0.00873377$ & $-0.0124643$ & $-0.0119313$ & $-0.00732703$ & $-0.0103974$ & $-0.0102961$ & $-0.0102142$ & $0.00876632$ & $-0.00909939$ & $-0.0113928$ & $-0.00744291$ & $-0.00500778$ & $-0.00664086$ & $-0.0308264$ & $-0.0540172$ & $-0.00934702$ & $0.0318392$ & $0.0288161$ & $0.00139543$ & $1$ & $-0.0930958$ & $0.0960014$ & $0.0224228$ & $0.163344$ & $0.0121434$ & $-0.0197218$ & $-0.0163731$ & $0.0309771$ & $0.0417913$ & $0.00052255$ & $0.0526393$ & $-0.0211812$ & $0.027454$ & $0.197838$ \\
eHggpar & $0.0654389$ & $-0.21665$ & $0.0547654$ & $-0.0459602$ & $-0.00279982$ & $0.00769219$ & $-0.0384712$ & $0.027905$ & $0.0118852$ & $-0.00328433$ & $-0.00786882$ & $0.0503152$ & $0.0440078$ & $-0.0245977$ & $0.00507437$ & $0.00138104$ & $-0.0379395$ & $-0.0369319$ & $-0.0345582$ & $0.00319443$ & $0.00448419$ & $0.00551301$ & $6.75289e-05$ & $-0.0361866$ & $-0.0438893$ & $-0.00358955$ & $0.00338013$ & $0.00285465$ & $-0.0093764$ & $-0.0183679$ & $-0.0170129$ & $-0.0149216$ & $-0.089367$ & $0.00772709$ & $-0.0930958$ & $1$ & $0.0636121$ & $-0.0329129$ & $-0.053138$ & $0.00800736$ & $0.0999273$ & $-0.00197253$ & $-0.159283$ & $-0.229527$ & $-0.0910695$ & $-0.254562$ & $0.0319649$ & $0.0981104$ & $-0.209926$ \\
eHWWint & $0.117429$ & $0.00700804$ & $-0.0476022$ & $0.307347$ & $-0.00788769$ & $0.00762338$ & $0.0113152$ & $-0.00101147$ & $-0.0239389$ & $0.0113543$ & $-0.000192118$ & $0.0117802$ & $0.00234262$ & $0.00125297$ & $0.00464108$ & $0.00931548$ & $-0.00235528$ & $-0.00275656$ & $-0.00661934$ & $-0.000390007$ & $-0.00199823$ & $-0.0044027$ & $0.00121943$ & $-0.00391581$ & $-0.0171337$ & $-0.00616604$ & $-0.0114319$ & $-0.00433412$ & $-0.0151138$ & $-0.17856$ & $-0.0951429$ & $-0.0154915$ & $-0.189825$ & $-0.0050121$ & $0.0960014$ & $0.0636121$ & $1$ & $-0.0266478$ & $-0.0899288$ & $0.0217979$ & $-0.0376044$ & $-0.00592354$ & $-0.232347$ & $-0.192367$ & $-0.206571$ & $0.171196$ & $-0.077318$ & $-0.00445082$ & $0.00408183$ \\
eHWWpar & $0.00607477$ & $0.0177794$ & $-0.00244062$ & $-0.000416553$ & $-0.00821586$ & $-0.00954175$ & $0.00883117$ & $0.00269939$ & $0.00244106$ & $-0.00526325$ & $-0.000664891$ & $0.00164259$ & $0.00136112$ & $-0.00743241$ & $0.00240072$ & $0.0104626$ & $-0.00183769$ & $-0.00535503$ & $-0.0134202$ & $0.00103628$ & $0.000285666$ & $0.000243333$ & $-0.00169298$ & $-0.00467701$ & $-0.00666484$ & $0.00385253$ & $-0.00158522$ & $-0.00190307$ & $0.00185028$ & $-0.0178818$ & $-0.00869134$ & $0.00257917$ & $-0.0380718$ & $0.00343475$ & $0.0224228$ & $-0.0329129$ & $-0.0266478$ & $1$ & $0.0278557$ & $0.00339557$ & $-0.0191189$ & $0.0153939$ & $0.0192362$ & $-0.00808178$ & $-0.00590595$ & $-0.0172319$ & $-0.0161734$ & $-0.0389633$ & $-0.0322186$ \\
eHZZint & $0.0892595$ & $0.111566$ & $-0.129805$ & $0.219573$ & $0.00329513$ & $-0.0168349$ & $-0.0164572$ & $-0.00774821$ & $-0.0152361$ & $-0.00087477$ & $0.00143643$ & $-0.00739706$ & $-0.00555822$ & $0.00333149$ & $-0.000110122$ & $0.00098717$ & $0.00885901$ & $0.00717645$ & $0.0064598$ & $-0.00114371$ & $-0.0020415$ & $0.00102508$ & $-0.00274965$ & $-0.000997997$ & $-0.00593636$ & $-0.00891808$ & $-0.0118809$ & $0.00857178$ & $-0.0152484$ & $-0.00410437$ & $0.00594556$ & $0.00157631$ & $-0.0345735$ & $0.00019824$ & $0.163344$ & $-0.053138$ & $-0.0899288$ & $0.0278557$ & $1$ & $-0.0168946$ & $0.0899136$ & $0.0187107$ & $-0.0505328$ & $0.115261$ & $0.106461$ & $0.0768111$ & $0.00102566$ & $-0.152716$ & $-0.0189411$ \\
eHZZpar & $0.00660004$ & $-0.030696$ & $0.0129257$ & $0.0144769$ & $0.00432142$ & $-0.00153663$ & $-0.0102041$ & $0.00676917$ & $0.00454685$ & $-0.00897652$ & $-0.00311845$ & $-0.00581029$ & $0.00340408$ & $0.000158823$ & $-0.0116509$ & $-0.00147625$ & $-0.00856203$ & $0.00236682$ & $-0.00694985$ & $0.00187342$ & $0.00379515$ & $0.00319137$ & $0.00527668$ & $-0.0108954$ & $-0.00406123$ & $-0.00456727$ & $0.00677709$ & $0.00549427$ & $-0.0011189$ & $-0.00658498$ & $0.00338709$ & $-0.00918359$ & $0.00251662$ & $0.0124979$ & $0.0121434$ & $0.00800736$ & $0.0217979$ & $0.00339557$ & $-0.0168946$ & $1$ & $0.0149191$ & $0.00999481$ & $0.000191374$ & $-0.0094506$ & $-0.0289679$ & $-0.00241147$ & $0.0270452$ & $0.0136827$ & $0.0295738$ \\
eHZgaint & $0.00742344$ & $-0.0100423$ & $0.113284$ & $-0.122642$ & $0.0171046$ & $0.00700571$ & $-0.0205564$ & $0.0022137$ & $-0.000637685$ & $-0.0392615$ & $0.0061326$ & $-0.0201287$ & $0.0135509$ & $-0.0120925$ & $0.00132613$ & $-0.00150799$ & $-0.0188818$ & $-0.014554$ & $-0.0140524$ & $-0.0053423$ & $-0.00579026$ & $-0.00630347$ & $0.00271384$ & $-0.0120581$ & $-0.0187408$ & $0.000730142$ & $-0.00642449$ & $0.00137876$ & $-0.00295589$ & $0.00917413$ & $-0.012969$ & $-0.0170444$ & $0.0124242$ & $-0.00137155$ & $-0.0197218$ & $0.0999273$ & $-0.0376044$ & $-0.0191189$ & $0.0899136$ & $0.0149191$ & $1$ & $0.0508174$ & $-0.0248235$ & $0.0635428$ & $-0.0830656$ & $0.0618046$ & $-0.102237$ & $0.0266793$ & $-0.00981119$ \\
eHZgapar & $0.016139$ & $-0.00171549$ & $0.0281041$ & $0.0112691$ & $0.00658328$ & $0.0123375$ & $-0.0123449$ & $0.00540416$ & $0.00560382$ & $-0.0117878$ & $-0.00446959$ & $-0.00931013$ & $-4.062e-05$ & $0.001233$ & $0.00499901$ & $0.0030563$ & $-0.0037019$ & $-0.00535397$ & $-0.00371706$ & $0.00468233$ & $0.00436533$ & $0.00375308$ & $-0.0092442$ & $-0.00622924$ & $-0.0117799$ & $0.00208614$ & $-0.00901324$ & $0.00277959$ & $-0.00540324$ & $0.00278991$ & $0.00198612$ & $-0.0154937$ & $0.00101968$ & $-0.00114846$ & $-0.0163731$ & $-0.00197253$ & $-0.00592354$ & $0.0153939$ & $0.0187107$ & $0.00999481$ & $0.0508174$ & $1$ & $0.00718949$ & $-0.0177608$ & $0.00600188$ & $0.021436$ & $-0.00546005$ & $0.000557921$ & $0.00862599$ \\
eHgagaint & $0.144362$ & $0.167729$ & $0.03352$ & $-0.0161562$ & $-0.00278571$ & $-0.0108952$ & $-0.0065309$ & $0.002012$ & $0.0588036$ & $-0.00992969$ & $-0.00514729$ & $-0.0115504$ & $-0.00177923$ & $0.00395187$ & $0.00872182$ & $0.00981134$ & $-0.00143739$ & $-0.00433355$ & $-0.00581084$ & $0.00855599$ & $0.00640589$ & $0.0046877$ & $0.00197802$ & $-0.01088$ & $-0.0235935$ & $-0.0157528$ & $-0.0150138$ & $0.00257721$ & $0.0106542$ & $0.0437559$ & $0.0345468$ & $0.00111126$ & $0.0935223$ & $0.000612765$ & $0.0309771$ & $-0.159283$ & $-0.232347$ & $0.0192362$ & $-0.0505328$ & $0.000191374$ & $-0.0248235$ & $0.00718949$ & $1$ & $0.0804367$ & $0.0706876$ & $0.158963$ & $0.0146534$ & $-0.0242226$ & $0.126175$ \\
eHmumuint & $-0.164907$ & $0.14856$ & $-0.137721$ & $-0.0140202$ & $-0.00105852$ & $0.00981774$ & $0.00854734$ & $-0.0153948$ & $-0.00832792$ & $0.00554141$ & $0.0112778$ & $-0.0113598$ & $-0.0196871$ & $0.00228119$ & $-0.0111593$ & $-0.00813572$ & $0.00602765$ & $0.0127694$ & $0.0107555$ & $-0.00842285$ & $-0.00757418$ & $-0.00749253$ & $-0.0070735$ & $0.0229912$ & $0.0241109$ & $0.0153003$ & $0.00339273$ & $0.00598274$ & $0.0109029$ & $0.0246196$ & $-0.0016941$ & $0.014353$ & $0.116965$ & $0.00252154$ & $0.0417913$ & $-0.229527$ & $-0.192367$ & $-0.00808178$ & $0.115261$ & $-0.0094506$ & $0.0635428$ & $-0.0177608$ & $0.0804367$ & $1$ & $-0.0166616$ & $0.0562603$ & $-0.0447918$ & $-0.0368477$ & $0.233097$ \\
eHtautauint & $0.070234$ & $-0.0551549$ & $-0.00790337$ & $-0.001026$ & $0.00994972$ & $-0.0020519$ & $-0.0207274$ & $0.00330708$ & $0.00785009$ & $0.000843545$ & $-0.00405254$ & $-0.00290639$ & $-0.00268815$ & $0.00310015$ & $-0.00992869$ & $0.00569534$ & $-0.00119806$ & $0.00832886$ & $-0.00380225$ & $0.00301308$ & $0.00281689$ & $0.00262698$ & $0.00687575$ & $-0.00803521$ & $-0.00674434$ & $-0.0136994$ & $-0.00368789$ & $0.002067$ & $0.00881613$ & $0.0801188$ & $0.0636602$ & $-0.0150993$ & $0.00759176$ & $0.00688021$ & $0.00052255$ & $-0.0910695$ & $-0.206571$ & $-0.00590595$ & $0.106461$ & $-0.0289679$ & $-0.0830656$ & $0.00600188$ & $0.0706876$ & $-0.0166616$ & $1$ & $-0.0694261$ & $0.205237$ & $0.0893469$ & $-0.111401$ \\
eHccint & $0.14087$ & $0.127077$ & $0.0485542$ & $0.0582906$ & $-0.00877076$ & $0.00672136$ & $0.00907132$ & $-0.0245733$ & $-0.0159304$ & $0.0127744$ & $0.0193896$ & $-0.000153428$ & $-0.00865965$ & $-8.88454e-05$ & $-0.00660498$ & $-0.00666033$ & $0.00746428$ & $0.0111281$ & $0.0104203$ & $-0.0179114$ & $-0.0180193$ & $-0.0192808$ & $0.0118244$ & $0.00333579$ & $-0.0036564$ & $-0.00364109$ & $-0.0121004$ & $-0.011858$ & $-0.00150943$ & $-0.0297292$ & $-0.00200568$ & $0.00147263$ & $0.0184544$ & $-0.00807565$ & $0.0526393$ & $-0.254562$ & $0.171196$ & $-0.0172319$ & $0.0768111$ & $-0.00241147$ & $0.0618046$ & $0.021436$ & $0.158963$ & $0.0562603$ & $-0.0694261$ & $1$ & $-0.235742$ & $-0.186274$ & $0.182197$ \\
eHccpar & $0.0387249$ & $-0.0685811$ & $-0.172232$ & $0.0229554$ & $-0.0107613$ & $-0.0103898$ & $-0.0300361$ & $0.0116645$ & $0.0106146$ & $-0.00474183$ & $-0.00591949$ & $0.00295923$ & $0.00343477$ & $-0.0126478$ & $-0.0068567$ & $-0.00115759$ & $-0.00988068$ & $-0.00797148$ & $-0.0114773$ & $0.0027334$ & $0.00467761$ & $0.00539342$ & $0.0106631$ & $-0.00950147$ & $-0.0108407$ & $-0.00970739$ & $0.0145487$ & $0.0136279$ & $0.000690589$ & $0.0189433$ & $0.251071$ & $-0.0304839$ & $-0.0847804$ & $0.0132818$ & $-0.0211812$ & $0.0319649$ & $-0.077318$ & $-0.0161734$ & $0.00102566$ & $0.0270452$ & $-0.102237$ & $-0.00546005$ & $0.0146534$ & $-0.0447918$ & $0.205237$ & $-0.235742$ & $1$ & $0.0447336$ & $-0.25366$ \\
eHbbint & $-0.182586$ & $-0.105526$ & $0.0225946$ & $-0.0374694$ & $-0.00355988$ & $0.00308661$ & $-0.00747264$ & $0.0145659$ & $0.0134914$ & $-0.00722563$ & $-0.0085405$ & $0.00757862$ & $0.0105346$ & $0.00213693$ & $0.00173398$ & $0.0123407$ & $-0.0116593$ & $-0.00635398$ & $-0.0156716$ & $0.00898771$ & $0.00776171$ & $0.00865843$ & $0.0123414$ & $0.00521326$ & $0.015545$ & $-0.00382361$ & $0.0163255$ & $0.00410305$ & $-0.00051422$ & $0.00735461$ & $-0.00407138$ & $-0.00101693$ & $0.165539$ & $0.00437235$ & $0.027454$ & $0.0981104$ & $-0.00445082$ & $-0.0389633$ & $-0.152716$ & $0.0136827$ & $0.0266793$ & $0.000557921$ & $-0.0242226$ & $-0.0368477$ & $0.0893469$ & $-0.186274$ & $0.0447336$ & $1$ & $0.100429$ \\
eHbbpar & $-0.0644488$ & $0.12399$ & $0.0147296$ & $0.0125243$ & $0.00491676$ & $-0.00322275$ & $-0.00314288$ & $-0.00486392$ & $0.000314686$ & $0.0125708$ & $-0.00274112$ & $0.00962667$ & $0.00235532$ & $0.0140737$ & $0.00301123$ & $0.000217576$ & $0.013513$ & $0.011108$ & $0.0120362$ & $0.00536586$ & $0.00520137$ & $0.0024192$ & $0.00820678$ & $0.0136284$ & $0.0181369$ & $-0.0132413$ & $-0.000940029$ & $0.0111343$ & $-0.00562241$ & $-0.00306549$ & $-0.0629373$ & $0.00916665$ & $0.399649$ & $-0.000989479$ & $0.197838$ & $-0.209926$ & $0.00408183$ & $-0.0322186$ & $-0.0189411$ & $0.0295738$ & $-0.00981119$ & $0.00862599$ & $0.126175$ & $0.233097$ & $-0.111401$ & $0.182197$ & $-0.25366$ & $0.100429$ & $1$ \\
