 & AlsMz & dAle5Mz & mtop & mHl & Mz & CW & CHG & CHWB & CHWHB_gaga & CHWHB_gagaorth & CHD & CHbox & CH & CHL1_11 & CHL1_22 & CHL1_33 & CHL3_11 & CHL3_22 & CHL3_33 & CHe_11 & CHe_22 & CHe_33 & CHQ1_11 & CHQ1_33 & CHQ3_11 & CHu_11 & CHd_11 & CHd_33 & CeH_22r & CeH_33r & CuH_22r & CuH_33r & CdH_33r & CLL_1221 & eHggint & eHggpar & eHWWint & eHWWpar & eHZZint & eHZZpar & eHZgaint & eHZgapar & eHgagaint & eHmumuint & eHtautauint & eHccint & eHccpar & eHbbint & eHbbpar \\
AlsMz & $1$ & $0.0329891$ & $0.00935973$ & $0.00573138$ & $-0.000305252$ & $0.0196319$ & $-0.0096863$ & $-0.0454189$ & $-0.043585$ & $0.0271733$ & $0.0234172$ & $0.013153$ & $-0.0119663$ & $0.0112792$ & $0.00415238$ & $0.000436005$ & $0.0237779$ & $0.0205733$ & $0.0224323$ & $-0.0320728$ & $-0.0354225$ & $-0.0391131$ & $-0.0158248$ & $-0.0256782$ & $-0.103081$ & $-0.0246908$ & $-0.0660429$ & $0.00977724$ & $0.00598833$ & $0.0182187$ & $-0.0172291$ & $-0.0164284$ & $-0.00155139$ & $-0.0386267$ & $0.062651$ & $-0.0167268$ & $-0.0355551$ & $-0.0172734$ & $-0.00890967$ & $-0.0223554$ & $-0.0426506$ & $-0.0360655$ & $0.0125775$ & $-0.0183546$ & $0.0214832$ & $-0.0310457$ & $-0.0544366$ & $-0.0353358$ & $0.0215784$ \\
dAle5Mz & $0.0329891$ & $1$ & $-0.0187158$ & $0.00124366$ & $0.01832$ & $-0.0108793$ & $-0.0156235$ & $-0.0936049$ & $-0.0962217$ & $0.00935606$ & $0.0656821$ & $-0.00802791$ & $-0.00214796$ & $-0.0134944$ & $-0.0421267$ & $-0.00972834$ & $0.0358672$ & $0.0499365$ & $0.0191095$ & $-0.0386023$ & $-0.036888$ & $-0.0454554$ & $-0.0151716$ & $0.0392415$ & $0.0410288$ & $0.0383738$ & $0.00638235$ & $-0.0302611$ & $0.0107875$ & $-0.02729$ & $-0.01158$ & $-0.0107957$ & $-0.00584456$ & $0.0309331$ & $0.0358663$ & $-0.00987348$ & $-0.00935989$ & $-0.0305301$ & $-0.00147973$ & $-0.0528663$ & $0.0158132$ & $-0.00621959$ & $-0.0425871$ & $-0.0351497$ & $0.0188418$ & $0.0151613$ & $0.0199813$ & $0.0121992$ & $0.000123694$ \\
mtop & $0.00935973$ & $-0.0187158$ & $1$ & $-0.00888271$ & $-0.0022684$ & $0.0140183$ & $-0.0580242$ & $-0.0096171$ & $-0.00763527$ & $-0.0304994$ & $0.0368084$ & $-0.0304201$ & $0.0182985$ & $-0.0452327$ & $0.000921627$ & $-0.046561$ & $-0.0199813$ & $-0.0372607$ & $0.00170505$ & $-0.0305203$ & $-0.0239333$ & $-0.0221975$ & $0.0371027$ & $-0.00627002$ & $-0.0217574$ & $-0.0303348$ & $0.00697353$ & $-0.00832274$ & $-0.0120215$ & $-0.00981592$ & $0.051118$ & $-0.0545378$ & $-0.00942937$ & $-0.00279481$ & $0.0518426$ & $0.0236724$ & $0.0252227$ & $-0.00330296$ & $-0.00045257$ & $-0.00454637$ & $-0.0202068$ & $0.00793075$ & $-0.00410644$ & $-0.0261909$ & $-0.00899019$ & $-0.054472$ & $0.0291047$ & $-0.00755167$ & $-0.0237825$ \\
mHl & $0.00573138$ & $0.00124366$ & $-0.00888271$ & $1$ & $0.016446$ & $-0.00233737$ & $0.00430376$ & $-0.00581052$ & $-0.00878978$ & $0.0143104$ & $-0.0168624$ & $-0.00938905$ & $-0.00455299$ & $0.0533622$ & $0.00330985$ & $0.0227205$ & $0.0366325$ & $0.0463634$ & $0.0301814$ & $0.0196438$ & $0.0122947$ & $0.0148998$ & $-0.010028$ & $0.0340985$ & $0.0379501$ & $0.0115533$ & $-0.00421806$ & $-0.00320162$ & $0.00249699$ & $-0.028888$ & $0.0158103$ & $0.000584526$ & $0.00747094$ & $-0.00779803$ & $-0.0119031$ & $-0.000864628$ & $0.000424997$ & $0.00777909$ & $0.0258945$ & $-0.00911526$ & $-0.0295129$ & $-0.0406952$ & $-0.0157464$ & $0.0277095$ & $-0.00702238$ & $0.00831293$ & $0.0193935$ & $0.00954364$ & $0.0196538$ \\
Mz & $-0.000305252$ & $0.01832$ & $-0.0022684$ & $0.016446$ & $1$ & $0.0301081$ & $0.0164531$ & $0.00529253$ & $0.00459135$ & $-0.0218259$ & $0.00883782$ & $-0.000464948$ & $-0.0339808$ & $0.00754043$ & $-0.0329478$ & $0.00174496$ & $-0.0106209$ & $0.0126167$ & $-0.0213251$ & $-0.00602353$ & $0.00440835$ & $0.001805$ & $-0.0384895$ & $-0.018359$ & $-0.0131828$ & $0.0260917$ & $-0.00107249$ & $0.0127986$ & $0.0334516$ & $-0.0288968$ & $0.00132834$ & $0.00950314$ & $0.00104317$ & $0.0305946$ & $0.010164$ & $-0.0261596$ & $0.00152914$ & $0.00991405$ & $0.0212279$ & $-0.0119991$ & $-0.0110006$ & $-0.0218298$ & $0.0224798$ & $0.0510487$ & $-0.042709$ & $0.0100288$ & $-0.0405657$ & $0.00236928$ & $0.0171413$ \\
CW & $0.0196319$ & $-0.0108793$ & $0.0140183$ & $-0.00233737$ & $0.0301081$ & $1$ & $-0.00270911$ & $-0.0813836$ & $-0.0768528$ & $-0.00558034$ & $0.145084$ & $0.0566718$ & $-0.00137043$ & $0.021801$ & $-0.0864062$ & $-0.0529406$ & $-0.262931$ & $-0.0518043$ & $-0.0704562$ & $-0.143571$ & $-0.147789$ & $-0.136149$ & $0.019601$ & $-0.0164318$ & $-0.112047$ & $0.0584532$ & $-0.0600452$ & $-0.0720828$ & $-0.0192883$ & $0.0505757$ & $0.0172281$ & $0.00945436$ & $0.0217358$ & $-0.0758233$ & $-0.0166907$ & $0.0684699$ & $0.00618325$ & $-0.0523994$ & $-0.00244472$ & $-0.0313089$ & $-0.0300721$ & $0.00880223$ & $0.0442947$ & $0.00812144$ & $0.0163345$ & $-0.0297725$ & $-0.00365347$ & $-0.00845578$ & $0.0208975$ \\
CHG & $-0.0096863$ & $-0.0156235$ & $-0.0580242$ & $0.00430376$ & $0.0164531$ & $-0.00270911$ & $1$ & $-0.0859965$ & $-0.0368187$ & $0.0538266$ & $0.039526$ & $0.0697112$ & $-0.312556$ & $0.0576132$ & $-0.0548361$ & $-0.0429467$ & $0.104795$ & $0.128395$ & $0.116566$ & $-0.0428421$ & $-0.0414353$ & $-0.032988$ & $-0.0272297$ & $0.0899817$ & $0.122174$ & $0.0447818$ & $0.0033937$ & $-0.0446134$ & $0.00967025$ & $-0.169857$ & $-0.0686909$ & $0.931522$ & $-0.196869$ & $-0.0179371$ & $-0.086653$ & $0.0247758$ & $0.0335363$ & $0.0325169$ & $-0.00686346$ & $-0.0306521$ & $0.0154085$ & $0.0360513$ & $-0.00301622$ & $-0.000483369$ & $-0.00211449$ & $0.0166879$ & $0.0229084$ & $-0.0363932$ & $-0.0226509$ \\
CHWB & $-0.0454189$ & $-0.0936049$ & $-0.0096171$ & $-0.00581052$ & $0.00529253$ & $-0.0813836$ & $-0.0859965$ & $1$ & $0.982935$ & $-0.587196$ & $-0.878196$ & $-0.418387$ & $0.344379$ & $0.12736$ & $0.280229$ & $0.274838$ & $-0.251091$ & $-0.43183$ & $-0.42554$ & $0.847956$ & $0.898479$ & $0.881134$ & $0.0424792$ & $-0.673064$ & $-0.396$ & $-0.503517$ & $0.425395$ & $0.257598$ & $0.0524404$ & $0.102496$ & $0.0658255$ & $-0.0777502$ & $0.114014$ & $0.560145$ & $-0.0554412$ & $-0.0191926$ & $-0.00505261$ & $-0.00483287$ & $0.0129832$ & $0.00740523$ & $0.0148588$ & $0.0184527$ & $0.0489682$ & $0.0101361$ & $-0.000926981$ & $0.0394795$ & $0.0128928$ & $-0.0240076$ & $-0.00659902$ \\
CHWHB_gaga & $-0.043585$ & $-0.0962217$ & $-0.00763527$ & $-0.00878978$ & $0.00459135$ & $-0.0768528$ & $-0.0368187$ & $0.982935$ & $1$ & $-0.575466$ & $-0.860501$ & $-0.39527$ & $0.335778$ & $0.119437$ & $0.274435$ & $0.272174$ & $-0.25276$ & $-0.427699$ & $-0.424694$ & $0.831573$ & $0.88038$ & $0.86335$ & $0.0419018$ & $-0.666301$ & $-0.39463$ & $-0.494322$ & $0.415372$ & $0.244484$ & $0.0522676$ & $0.122555$ & $0.0750314$ & $-0.0381864$ & $0.136499$ & $0.551378$ & $-0.0824589$ & $-0.0227306$ & $-0.0107754$ & $-0.00437006$ & $0.00564962$ & $0.00830371$ & $0.0162606$ & $0.0201489$ & $0.120378$ & $0.00789905$ & $-0.00227305$ & $0.0422633$ & $0.0125734$ & $-0.0243001$ & $0.00276191$ \\
CHWHB_gagaorth & $0.0271733$ & $0.00935606$ & $-0.0304994$ & $0.0143104$ & $-0.0218259$ & $-0.00558034$ & $0.0538266$ & $-0.587196$ & $-0.575466$ & $1$ & $0.365997$ & $0.687702$ & $-0.232492$ & $0.210071$ & $-0.106537$ & $-0.0996789$ & $0.451371$ & $0.502282$ & $0.496112$ & $-0.349855$ & $-0.388711$ & $-0.378098$ & $-0.0448229$ & $0.570846$ & $0.490927$ & $0.225281$ & $-0.24923$ & $-0.105202$ & $-0.0341905$ & $-0.117711$ & $-0.0630602$ & $0.0731178$ & $-0.112138$ & $-0.369661$ & $0.096395$ & $0.0275265$ & $7.62377e-06$ & $-0.0170501$ & $-0.00494004$ & $-0.000743649$ & $-0.0546054$ & $-0.00218321$ & $-0.0405202$ & $0.00114192$ & $0.0123846$ & $-0.0375018$ & $0.000945539$ & $0.00171939$ & $0.0216788$ \\
CHD & $0.0234172$ & $0.0656821$ & $0.0368084$ & $-0.0168624$ & $0.00883782$ & $0.145084$ & $0.039526$ & $-0.878196$ & $-0.860501$ & $0.365997$ & $1$ & $0.374534$ & $-0.182608$ & $-0.540036$ & $-0.430302$ & $-0.418779$ & $-0.208668$ & $0.0673243$ & $0.059887$ & $-0.990821$ & $-0.990415$ & $-0.971047$ & $0.0268221$ & $0.304641$ & $0.0152278$ & $0.551425$ & $-0.27995$ & $-0.28155$ & $-0.0331667$ & $-0.0542206$ & $-0.0328914$ & $0.0415894$ & $-0.0815233$ & $-0.344304$ & $0.0519442$ & $0.0226148$ & $0.00462653$ & $0.0111335$ & $-0.00338721$ & $0.0163461$ & $-0.00232143$ & $-0.0138115$ & $-0.0424689$ & $-0.00666072$ & $-0.00968302$ & $-0.0400054$ & $-0.0169918$ & $0.0119769$ & $-0.00535534$ \\
CHbox & $0.013153$ & $-0.00802791$ & $-0.0304201$ & $-0.00938905$ & $-0.000464948$ & $0.0566718$ & $0.0697112$ & $-0.418387$ & $-0.39527$ & $0.687702$ & $0.374534$ & $1$ & $-0.376087$ & $-0.0908121$ & $-0.0744477$ & $-0.0750133$ & $0.0914436$ & $0.140719$ & $0.143134$ & $-0.352769$ & $-0.390237$ & $-0.37775$ & $-0.0193063$ & $0.282872$ & $0.135023$ & $0.216291$ & $-0.215916$ & $-0.120082$ & $-0.00322909$ & $0.0787227$ & $-0.0137009$ & $0.127588$ & $0.0725453$ & $-0.269787$ & $0.116963$ & $0.0389938$ & $-0.020466$ & $0.00907325$ & $-0.0182398$ & $0.00781819$ & $-0.0428688$ & $0.0146067$ & $-0.0510913$ & $0.015209$ & $0.00305088$ & $-0.0449546$ & $0.00292016$ & $-0.00646834$ & $0.0102259$ \\
CH & $-0.0119663$ & $-0.00214796$ & $0.0182985$ & $-0.00455299$ & $-0.0339808$ & $-0.00137043$ & $-0.312556$ & $0.344379$ & $0.335778$ & $-0.232492$ & $-0.182608$ & $-0.376087$ & $1$ & $-0.198141$ & $0.0778207$ & $0.0832415$ & $-0.334941$ & $-0.367092$ & $-0.367046$ & $0.178162$ & $0.192698$ & $0.188619$ & $0.022969$ & $-0.367766$ & $-0.346289$ & $-0.0993364$ & $0.138752$ & $0.0451529$ & $0.0499092$ & $0.282563$ & $0.13666$ & $-0.258453$ & $0.297733$ & $0.20341$ & $0.0261193$ & $0.0319697$ & $-0.0109547$ & $-0.0221356$ & $0.0208163$ & $0.0298117$ & $-0.00913044$ & $-0.00112976$ & $0.00552259$ & $-0.0148231$ & $-0.00865991$ & $-0.00865659$ & $0.0127614$ & $0.0246228$ & $-0.0174878$ \\
CHL1_11 & $0.0112792$ & $-0.0134944$ & $-0.0452327$ & $0.0533622$ & $0.00754043$ & $0.021801$ & $0.0576132$ & $0.12736$ & $0.119437$ & $0.210071$ & $-0.540036$ & $-0.0908121$ & $-0.198141$ & $1$ & $0.325164$ & $0.308933$ & $0.659259$ & $0.579276$ & $0.585879$ & $0.56012$ & $0.494253$ & $0.485901$ & $-0.10579$ & $0.45541$ & $0.58829$ & $-0.273168$ & $-0.106003$ & $0.140591$ & $-0.026556$ & $-0.0660118$ & $-0.0379559$ & $0.0383657$ & $-0.0206346$ & $-0.230512$ & $-0.0237564$ & $0.000934425$ & $-0.00298854$ & $-0.0163909$ & $0.00231258$ & $-0.0574388$ & $-0.0105189$ & $-0.00758434$ & $0.0254499$ & $0.018614$ & $0.0205276$ & $0.0238239$ & $0.00380015$ & $0.00129953$ & $0.0381078$ \\
CHL1_22 & $0.00415238$ & $-0.0421267$ & $0.000921627$ & $0.00330985$ & $-0.0329478$ & $-0.0864062$ & $-0.0548361$ & $0.280229$ & $0.274435$ & $-0.106537$ & $-0.430302$ & $-0.0744477$ & $0.0778207$ & $0.325164$ & $1$ & $0.467956$ & $0.215294$ & $-0.407955$ & $0.00625772$ & $0.494274$ & $0.342314$ & $0.330705$ & $-0.182856$ & $0.161391$ & $-0.0925633$ & $-0.214533$ & $-0.416276$ & $0.0998234$ & $0.0154513$ & $0.0499151$ & $0.0311833$ & $-0.0457824$ & $0.0568493$ & $-0.609522$ & $0.0217107$ & $0.00587514$ & $-0.0162088$ & $-0.0304387$ & $-0.0362596$ & $0.0078343$ & $-0.0385597$ & $0.00790653$ & $-0.0274399$ & $0.0210418$ & $0.0233011$ & $0.00537553$ & $0.0306646$ & $0.0191259$ & $-0.0177055$ \\
CHL1_33 & $0.000436005$ & $-0.00972834$ & $-0.046561$ & $0.0227205$ & $0.00174496$ & $-0.0529406$ & $-0.0429467$ & $0.274838$ & $0.272174$ & $-0.0996789$ & $-0.418779$ & $-0.0750133$ & $0.0832415$ & $0.308933$ & $0.467956$ & $1$ & $0.198021$ & $-0.000825405$ & $-0.398921$ & $0.483223$ & $0.334203$ & $0.347823$ & $-0.194862$ & $0.148183$ & $-0.094353$ & $-0.187972$ & $-0.404881$ & $0.0870705$ & $-0.0173049$ & $0.017249$ & $0.00232815$ & $-0.0374764$ & $0.0360887$ & $-0.140092$ & $0.0110637$ & $-0.0479261$ & $0.00463353$ & $-0.00822409$ & $-0.0111679$ & $-0.0186013$ & $0.00721744$ & $0.0114514$ & $0.014795$ & $0.00667487$ & $-0.0071851$ & $0.0102486$ & $-0.000227632$ & $0.00838764$ & $-0.0346295$ \\
CHL3_11 & $0.0237779$ & $0.0358672$ & $-0.0199813$ & $0.0366325$ & $-0.0106209$ & $-0.262931$ & $0.104795$ & $-0.251091$ & $-0.25276$ & $0.451371$ & $-0.208668$ & $0.0914436$ & $-0.334941$ & $0.659259$ & $0.215294$ & $0.198021$ & $1$ & $0.732903$ & $0.739488$ & $0.236744$ & $0.169595$ & $0.163726$ & $-0.113116$ & $0.689188$ & $0.778244$ & $-0.0795069$ & $-0.196669$ & $0.0461781$ & $-0.0272296$ & $-0.10577$ & $-0.0766128$ & $0.0816823$ & $-0.0758267$ & $-0.301447$ & $0.00789493$ & $-0.0207379$ & $0.00526304$ & $-0.0031691$ & $-0.0247249$ & $-0.030588$ & $-0.0293102$ & $-0.00142403$ & $-0.0229506$ & $-0.0148681$ & $0.018762$ & $-0.000230956$ & $0.00481355$ & $0.0308149$ & $0.0214913$ \\
CHL3_22 & $0.0205733$ & $0.0499365$ & $-0.0372607$ & $0.0463634$ & $0.0126167$ & $-0.0518043$ & $0.128395$ & $-0.43183$ & $-0.427699$ & $0.502282$ & $0.0673243$ & $0.140719$ & $-0.367092$ & $0.579276$ & $-0.407955$ & $-0.000825405$ & $0.732903$ & $1$ & $0.672969$ & $-0.0660792$ & $-0.0661025$ & $-0.0588618$ & $-0.0153934$ & $0.611121$ & $0.794938$ & $0.0604439$ & $-0.0130406$ & $-0.0240336$ & $-0.051366$ & $-0.130694$ & $-0.0897982$ & $0.101688$ & $-0.102597$ & $0.00961543$ & $-0.010578$ & $-0.0135565$ & $0.0140813$ & $0.00947233$ & $0.0079752$ & $-0.0491252$ & $0.00446156$ & $-0.00945473$ & $0.0140173$ & $-0.0170722$ & $0.000404837$ & $-0.000814853$ & $-0.0191429$ & $0.00963746$ & $0.0358541$ \\
CHL3_33 & $0.0224323$ & $0.0191095$ & $0.00170505$ & $0.0301814$ & $-0.0213251$ & $-0.0704562$ & $0.116566$ & $-0.42554$ & $-0.424694$ & $0.496112$ & $0.059887$ & $0.143134$ & $-0.367046$ & $0.585879$ & $0.00625772$ & $-0.398921$ & $0.739488$ & $0.672969$ & $1$ & $-0.0591796$ & $-0.0598495$ & $-0.0537842$ & $-0.00764533$ & $0.615615$ & $0.793179$ & $0.0420786$ & $-0.0171952$ & $-0.0155499$ & $-0.0202019$ & $-0.100848$ & $-0.0650534$ & $0.0925026$ & $-0.0832255$ & $-0.358049$ & $-0.00646335$ & $0.0285947$ & $-0.00430097$ & $-0.00623815$ & $-0.0131146$ & $-0.0294204$ & $-0.0371111$ & $-0.0122341$ & $-0.0223969$ & $-0.00263869$ & $0.0239123$ & $-0.00686103$ & $0.00604549$ & $0.0253918$ & $0.0453354$ \\
CHe_11 & $-0.0320728$ & $-0.0386023$ & $-0.0305203$ & $0.0196438$ & $-0.00602353$ & $-0.143571$ & $-0.0428421$ & $0.847956$ & $0.831573$ & $-0.349855$ & $-0.990821$ & $-0.352769$ & $0.178162$ & $0.56012$ & $0.494274$ & $0.483223$ & $0.236744$ & $-0.0660792$ & $-0.0591796$ & $1$ & $0.972826$ & $0.954044$ & $-0.0489102$ & $-0.246753$ & $-0.00330878$ & $-0.542682$ & $0.208355$ & $0.272602$ & $0.0307695$ & $0.0564143$ & $0.0320145$ & $-0.0439175$ & $0.0816842$ & $0.267243$ & $-0.0476663$ & $-0.025787$ & $-0.00607091$ & $-0.01508$ & $-0.000226239$ & $-0.0158323$ & $0.000285562$ & $0.0163794$ & $0.0415329$ & $0.00739704$ & $0.00713235$ & $0.0385952$ & $0.0181768$ & $-0.00584764$ & $9.33699e-05$ \\
CHe_22 & $-0.0354225$ & $-0.036888$ & $-0.0239333$ & $0.0122947$ & $0.00440835$ & $-0.147789$ & $-0.0414353$ & $0.898479$ & $0.88038$ & $-0.388711$ & $-0.990415$ & $-0.390237$ & $0.192698$ & $0.494253$ & $0.342314$ & $0.334203$ & $0.169595$ & $-0.0661025$ & $-0.0598495$ & $0.972826$ & $1$ & $0.976146$ & $0.00321988$ & $-0.367392$ & $-0.024996$ & $-0.554084$ & $0.365837$ & $0.281772$ & $0.0369653$ & $0.0547363$ & $0.0349414$ & $-0.0442421$ & $0.08119$ & $0.437209$ & $-0.0535973$ & $-0.0240997$ & $-0.00624607$ & $-0.010139$ & $0.00694184$ & $-0.0151299$ & $0.00651757$ & $0.016429$ & $0.0448181$ & $0.00544291$ & $0.00746064$ & $0.0452492$ & $0.0146805$ & $-0.0120588$ & $0.00675893$ \\
CHe_33 & $-0.0391131$ & $-0.0454554$ & $-0.0221975$ & $0.0148998$ & $0.001805$ & $-0.136149$ & $-0.032988$ & $0.881134$ & $0.86335$ & $-0.378098$ & $-0.971047$ & $-0.37775$ & $0.188619$ & $0.485901$ & $0.330705$ & $0.347823$ & $0.163726$ & $-0.0588618$ & $-0.0537842$ & $0.954044$ & $0.976146$ & $1$ & $0.00298485$ & $-0.361472$ & $-0.0217838$ & $-0.542767$ & $0.359183$ & $0.279465$ & $0.0391756$ & $0.0489576$ & $0.0285543$ & $-0.0373627$ & $0.0775576$ & $0.433639$ & $-0.0607108$ & $-0.0200174$ & $-0.00458459$ & $-0.00973463$ & $0.00416402$ & $-0.0125001$ & $-0.00177383$ & $0.00802815$ & $0.0441405$ & $0.000698919$ & $0.00493801$ & $0.0431612$ & $0.0123122$ & $-0.00899821$ & $0.00453466$ \\
CHQ1_11 & $-0.0158248$ & $-0.0151716$ & $0.0371027$ & $-0.010028$ & $-0.0384895$ & $0.019601$ & $-0.0272297$ & $0.0424792$ & $0.0419018$ & $-0.0448229$ & $0.0268221$ & $-0.0193063$ & $0.022969$ & $-0.10579$ & $-0.182856$ & $-0.194862$ & $-0.113116$ & $-0.0153934$ & $-0.00764533$ & $-0.0489102$ & $0.00321988$ & $0.00298485$ & $1$ & $-0.151232$ & $0.0510107$ & $-0.667623$ & $0.32119$ & $-0.0428036$ & $0.00367055$ & $0.0210076$ & $0.0261843$ & $-0.0278437$ & $0.0323364$ & $0.178976$ & $-0.0342378$ & $0.0256301$ & $0.00939507$ & $-0.00449697$ & $0.0118121$ & $0.0332048$ & $0.0265022$ & $0.0222391$ & $0.00934106$ & $-0.0181762$ & $0.0116871$ & $-0.0117495$ & $0.0175979$ & $0.0106747$ & $0.0618847$ \\
CHQ1_33 & $-0.0256782$ & $0.0392415$ & $-0.00627002$ & $0.0340985$ & $-0.018359$ & $-0.0164318$ & $0.0899817$ & $-0.673064$ & $-0.666301$ & $0.570846$ & $0.304641$ & $0.282872$ & $-0.367766$ & $0.45541$ & $0.161391$ & $0.148183$ & $0.689188$ & $0.611121$ & $0.615615$ & $-0.246753$ & $-0.367392$ & $-0.361472$ & $-0.151232$ & $1$ & $0.65026$ & $0.210359$ & $-0.444816$ & $0.000967738$ & $-0.0602959$ & $-0.108259$ & $-0.0709104$ & $0.0778415$ & $-0.0952826$ & $-0.664508$ & $0.0402093$ & $0.0121562$ & $0.00356308$ & $-0.0128675$ & $-0.0230928$ & $-0.0236868$ & $-0.0230834$ & $-0.00378784$ & $-0.0471181$ & $-0.0200536$ & $0.00285396$ & $-0.0460182$ & $-0.00165198$ & $0.0385889$ & $0.0119964$ \\
CHQ3_11 & $-0.103081$ & $0.0410288$ & $-0.0217574$ & $0.0379501$ & $-0.0131828$ & $-0.112047$ & $0.122174$ & $-0.396$ & $-0.39463$ & $0.490927$ & $0.0152278$ & $0.135023$ & $-0.346289$ & $0.58829$ & $-0.0925633$ & $-0.094353$ & $0.778244$ & $0.794938$ & $0.793179$ & $-0.00330878$ & $-0.024996$ & $-0.0217838$ & $0.0510107$ & $0.65026$ & $1$ & $0.0322979$ & $0.187622$ & $-0.0143923$ & $-0.0535016$ & $-0.117423$ & $-0.079303$ & $0.0981471$ & $-0.0904855$ & $-0.223045$ & $-0.0128624$ & $0.0208595$ & $0.0139587$ & $-0.0096426$ & $0.00580646$ & $-0.0209251$ & $-0.00752747$ & $-0.000947016$ & $-0.0211524$ & $-0.0267564$ & $0.0229279$ & $-0.00195825$ & $-0.005559$ & $0.0274205$ & $0.0349474$ \\
CHu_11 & $-0.0246908$ & $0.0383738$ & $-0.0303348$ & $0.0115533$ & $0.0260917$ & $0.0584532$ & $0.0447818$ & $-0.503517$ & $-0.494322$ & $0.225281$ & $0.551425$ & $0.216291$ & $-0.0993364$ & $-0.273168$ & $-0.214533$ & $-0.187972$ & $-0.0795069$ & $0.0604439$ & $0.0420786$ & $-0.542682$ & $-0.554084$ & $-0.542767$ & $-0.667623$ & $0.210359$ & $0.0322979$ & $1$ & $-0.166082$ & $-0.123713$ & $-0.017158$ & $-0.0321689$ & $-0.0375683$ & $0.0513491$ & $-0.0527256$ & $-0.221056$ & $0.0368434$ & $-0.000246212$ & $0.00919649$ & $0.0124253$ & $0.00826036$ & $-0.00358696$ & $-0.014004$ & $-0.0364328$ & $-0.0413273$ & $0.00211073$ & $-0.0164096$ & $-0.0186494$ & $-0.0272655$ & $-0.0111992$ & $-0.0308749$ \\
CHd_11 & $-0.0660429$ & $0.00638235$ & $0.00697353$ & $-0.00421806$ & $-0.00107249$ & $-0.0600452$ & $0.0033937$ & $0.425395$ & $0.415372$ & $-0.24923$ & $-0.27995$ & $-0.215916$ & $0.138752$ & $-0.106003$ & $-0.416276$ & $-0.404881$ & $-0.196669$ & $-0.0130406$ & $-0.0171952$ & $0.208355$ & $0.365837$ & $0.359183$ & $0.32119$ & $-0.444816$ & $0.187622$ & $-0.166082$ & $1$ & $0.0926243$ & $0.0144163$ & $0.0292486$ & $0.0129987$ & $0.000832696$ & $0.0342116$ & $0.693277$ & $-0.0600006$ & $0.0247516$ & $0.0136717$ & $-0.00492812$ & $0.0445967$ & $0.023622$ & $0.0249126$ & $0.0116232$ & $0.0105495$ & $-0.0384454$ & $0.00559133$ & $0.00511278$ & $-0.0155306$ & $-0.0176123$ & $0.030935$ \\
CHd_33 & $0.00977724$ & $-0.0302611$ & $-0.00832274$ & $-0.00320162$ & $0.0127986$ & $-0.0720828$ & $-0.0446134$ & $0.257598$ & $0.244484$ & $-0.105202$ & $-0.28155$ & $-0.120082$ & $0.0451529$ & $0.140591$ & $0.0998234$ & $0.0870705$ & $0.0461781$ & $-0.0240336$ & $-0.0155499$ & $0.272602$ & $0.281772$ & $0.279465$ & $-0.0428036$ & $0.000967738$ & $-0.0143923$ & $-0.123713$ & $0.0926243$ & $1$ & $0.0110539$ & $-0.0243518$ & $0.00383324$ & $-0.0483519$ & $-0.00931254$ & $0.12524$ & $-0.0180137$ & $0.0134181$ & $-0.0157247$ & $-0.0024954$ & $-0.0153417$ & $-0.00792412$ & $0.021254$ & $-0.00670564$ & $0.00893806$ & $-0.000376057$ & $0.00987256$ & $0.0437072$ & $0.02624$ & $0.0203041$ & $-0.0175849$ \\
CeH_22r & $0.00598833$ & $0.0107875$ & $-0.0120215$ & $0.00249699$ & $0.0334516$ & $-0.0192883$ & $0.00967025$ & $0.0524404$ & $0.0522676$ & $-0.0341905$ & $-0.0331667$ & $-0.00322909$ & $0.0499092$ & $-0.026556$ & $0.0154513$ & $-0.0173049$ & $-0.0272296$ & $-0.051366$ & $-0.0202019$ & $0.0307695$ & $0.0369653$ & $0.0391756$ & $0.00367055$ & $-0.0602959$ & $-0.0535016$ & $-0.017158$ & $0.0144163$ & $0.0110539$ & $1$ & $0.0319672$ & $-0.00685298$ & $0.000831016$ & $0.0547295$ & $0.0322677$ & $-0.0583246$ & $-0.0137359$ & $-0.0231908$ & $-0.0427101$ & $-0.0504808$ & $-0.0194136$ & $-0.00294646$ & $0.0286862$ & $-0.0056188$ & $0.0257073$ & $-0.00118421$ & $0.000511297$ & $-0.0314827$ & $0.0346259$ & $-0.00434313$ \\
CeH_33r & $0.0182187$ & $-0.02729$ & $-0.00981592$ & $-0.028888$ & $-0.0288968$ & $0.0505757$ & $-0.169857$ & $0.102496$ & $0.122555$ & $-0.117711$ & $-0.0542206$ & $0.0787227$ & $0.282563$ & $-0.0660118$ & $0.0499151$ & $0.017249$ & $-0.10577$ & $-0.130694$ & $-0.100848$ & $0.0564143$ & $0.0547363$ & $0.0489576$ & $0.0210076$ & $-0.108259$ & $-0.117423$ & $-0.0321689$ & $0.0292486$ & $-0.0243518$ & $0.0319672$ & $1$ & $0.310842$ & $-0.0169056$ & $0.633953$ & $0.0322071$ & $-0.0634743$ & $0.0236357$ & $-0.230641$ & $0.0179216$ & $-0.0552012$ & $0.0499256$ & $-0.0458014$ & $-0.00332126$ & $0.00592475$ & $-0.0197414$ & $0.0737073$ & $-0.0370901$ & $0.0182525$ & $0.0654189$ & $0.0328887$ \\
CuH_22r & $-0.0172291$ & $-0.01158$ & $0.051118$ & $0.0158103$ & $0.00132834$ & $0.0172281$ & $-0.0686909$ & $0.0658255$ & $0.0750314$ & $-0.0630602$ & $-0.0328914$ & $-0.0137009$ & $0.13666$ & $-0.0379559$ & $0.0311833$ & $0.00232815$ & $-0.0766128$ & $-0.0897982$ & $-0.0650534$ & $0.0320145$ & $0.0349414$ & $0.0285543$ & $0.0261843$ & $-0.0709104$ & $-0.079303$ & $-0.0375683$ & $0.0129987$ & $0.00383324$ & $-0.00685298$ & $0.310842$ & $1$ & $0.0329919$ & $0.340492$ & $0.0158973$ & $-0.0427243$ & $0.00795976$ & $-0.097309$ & $0.0194771$ & $-0.0278916$ & $0.00888311$ & $-0.0186827$ & $-0.0228579$ & $-0.0084981$ & $0.00674182$ & $0.0135271$ & $0.0570683$ & $0.398998$ & $-0.00744174$ & $0.0231059$ \\
CuH_33r & $-0.0164284$ & $-0.0107957$ & $-0.0545378$ & $0.000584526$ & $0.00950314$ & $0.00945436$ & $0.931522$ & $-0.0777502$ & $-0.0381864$ & $0.0731178$ & $0.0415894$ & $0.127588$ & $-0.258453$ & $0.0383657$ & $-0.0457824$ & $-0.0374764$ & $0.0816823$ & $0.101688$ & $0.0925026$ & $-0.0439175$ & $-0.0442421$ & $-0.0373627$ & $-0.0278437$ & $0.0778415$ & $0.0981471$ & $0.0513491$ & $0.000832696$ & $-0.0483519$ & $0.000831016$ & $-0.0169056$ & $0.0329919$ & $1$ & $-0.0275686$ & $-0.019801$ & $1.00068e-05$ & $0.070046$ & $-0.0146161$ & $0.0331563$ & $0.00892657$ & $-0.0152194$ & $0.0127497$ & $0.0273274$ & $-0.00770516$ & $0.00151827$ & $-0.00425256$ & $-0.0115787$ & $0.0430995$ & $-0.0152734$ & $-0.0178467$ \\
CdH_33r & $-0.00155139$ & $-0.00584456$ & $-0.00942937$ & $0.00747094$ & $0.00104317$ & $0.0217358$ & $-0.196869$ & $0.114014$ & $0.136499$ & $-0.112138$ & $-0.0815233$ & $0.0725453$ & $0.297733$ & $-0.0206346$ & $0.0568493$ & $0.0360887$ & $-0.0758267$ & $-0.102597$ & $-0.0832255$ & $0.0816842$ & $0.08119$ & $0.0775576$ & $0.0323364$ & $-0.0952826$ & $-0.0904855$ & $-0.0527256$ & $0.0342116$ & $-0.00931254$ & $0.0547295$ & $0.633953$ & $0.340492$ & $-0.0275686$ & $1$ & $0.0388289$ & $-0.0923302$ & $0.012475$ & $-0.232757$ & $0.00475929$ & $-0.0338653$ & $0.0205524$ & $-0.0329873$ & $-0.04293$ & $-0.0251118$ & $-0.00495733$ & $0.0340345$ & $-0.0227769$ & $0.0148095$ & $0.20333$ & $0.532422$ \\
CLL_1221 & $-0.0386267$ & $0.0309331$ & $-0.00279481$ & $-0.00779803$ & $0.0305946$ & $-0.0758233$ & $-0.0179371$ & $0.560145$ & $0.551378$ & $-0.369661$ & $-0.344304$ & $-0.269787$ & $0.20341$ & $-0.230512$ & $-0.609522$ & $-0.140092$ & $-0.301447$ & $0.00961543$ & $-0.358049$ & $0.267243$ & $0.437209$ & $0.433639$ & $0.178976$ & $-0.664508$ & $-0.223045$ & $-0.221056$ & $0.693277$ & $0.12524$ & $0.0322677$ & $0.0322071$ & $0.0158973$ & $-0.019801$ & $0.0388289$ & $1$ & $-0.0585793$ & $-0.0296884$ & $0.0133834$ & $0.021521$ & $0.0351804$ & $0.00228647$ & $0.0428164$ & $0.0139264$ & $0.0534873$ & $-0.017183$ & $-0.0197418$ & $0.0290473$ & $-0.0166333$ & $-0.0316897$ & $0.00782599$ \\
eHggint & $0.062651$ & $0.0358663$ & $0.0518426$ & $-0.0119031$ & $0.010164$ & $-0.0166907$ & $-0.086653$ & $-0.0554412$ & $-0.0824589$ & $0.096395$ & $0.0519442$ & $0.116963$ & $0.0261193$ & $-0.0237564$ & $0.0217107$ & $0.0110637$ & $0.00789493$ & $-0.010578$ & $-0.00646335$ & $-0.0476663$ & $-0.0535973$ & $-0.0607108$ & $-0.0342378$ & $0.0402093$ & $-0.0128624$ & $0.0368434$ & $-0.0600006$ & $-0.0180137$ & $-0.0583246$ & $-0.0634743$ & $-0.0427243$ & $1.00068e-05$ & $-0.0923302$ & $-0.0585793$ & $1$ & $-0.0944132$ & $-0.0345806$ & $-0.0210953$ & $0.041391$ & $-0.0029357$ & $0.00450729$ & $0.00375021$ & $-0.0175986$ & $0.0104504$ & $0.00422534$ & $-0.0418881$ & $0.00438193$ & $-0.0206087$ & $-0.0416864$ \\
eHggpar & $-0.0167268$ & $-0.00987348$ & $0.0236724$ & $-0.000864628$ & $-0.0261596$ & $0.0684699$ & $0.0247758$ & $-0.0191926$ & $-0.0227306$ & $0.0275265$ & $0.0226148$ & $0.0389938$ & $0.0319697$ & $0.000934425$ & $0.00587514$ & $-0.0479261$ & $-0.0207379$ & $-0.0135565$ & $0.0285947$ & $-0.025787$ & $-0.0240997$ & $-0.0200174$ & $0.0256301$ & $0.0121562$ & $0.0208595$ & $-0.000246212$ & $0.0247516$ & $0.0134181$ & $-0.0137359$ & $0.0236357$ & $0.00795976$ & $0.070046$ & $0.012475$ & $-0.0296884$ & $-0.0944132$ & $1$ & $0.0205208$ & $-0.0117267$ & $0.0347779$ & $0.0325398$ & $0.00168192$ & $0.00858913$ & $-0.0253536$ & $-0.0224195$ & $-0.0501212$ & $-0.00324992$ & $-0.0248138$ & $0.0221755$ & $0.0104774$ \\
eHWWint & $-0.0355551$ & $-0.00935989$ & $0.0252227$ & $0.000424997$ & $0.00152914$ & $0.00618325$ & $0.0335363$ & $-0.00505261$ & $-0.0107754$ & $7.62377e-06$ & $0.00462653$ & $-0.020466$ & $-0.0109547$ & $-0.00298854$ & $-0.0162088$ & $0.00463353$ & $0.00526304$ & $0.0140813$ & $-0.00430097$ & $-0.00607091$ & $-0.00624607$ & $-0.00458459$ & $0.00939507$ & $0.00356308$ & $0.0139587$ & $0.00919649$ & $0.0136717$ & $-0.0157247$ & $-0.0231908$ & $-0.230641$ & $-0.097309$ & $-0.0146161$ & $-0.232757$ & $0.0133834$ & $-0.0345806$ & $0.0205208$ & $1$ & $0.0079961$ & $0.0377534$ & $-0.00469556$ & $0.0344256$ & $-0.00340127$ & $0.0352701$ & $0.0178867$ & $0.0218698$ & $0.00446951$ & $-0.0166906$ & $0.0176984$ & $-0.0358952$ \\
eHWWpar & $-0.0172734$ & $-0.0305301$ & $-0.00330296$ & $0.00777909$ & $0.00991405$ & $-0.0523994$ & $0.0325169$ & $-0.00483287$ & $-0.00437006$ & $-0.0170501$ & $0.0111335$ & $0.00907325$ & $-0.0221356$ & $-0.0163909$ & $-0.0304387$ & $-0.00822409$ & $-0.0031691$ & $0.00947233$ & $-0.00623815$ & $-0.01508$ & $-0.010139$ & $-0.00973463$ & $-0.00449697$ & $-0.0128675$ & $-0.0096426$ & $0.0124253$ & $-0.00492812$ & $-0.0024954$ & $-0.0427101$ & $0.0179216$ & $0.0194771$ & $0.0331563$ & $0.00475929$ & $0.021521$ & $-0.0210953$ & $-0.0117267$ & $0.0079961$ & $1$ & $0.0283853$ & $0.00496309$ & $-0.0107119$ & $-0.0111866$ & $0.0243342$ & $-0.0149445$ & $0.0185464$ & $0.0373156$ & $-0.00814103$ & $-0.0344137$ & $0.0209972$ \\
eHZZint & $-0.00890967$ & $-0.00147973$ & $-0.00045257$ & $0.0258945$ & $0.0212279$ & $-0.00244472$ & $-0.00686346$ & $0.0129832$ & $0.00564962$ & $-0.00494004$ & $-0.00338721$ & $-0.0182398$ & $0.0208163$ & $0.00231258$ & $-0.0362596$ & $-0.0111679$ & $-0.0247249$ & $0.0079752$ & $-0.0131146$ & $-0.000226239$ & $0.00694184$ & $0.00416402$ & $0.0118121$ & $-0.0230928$ & $0.00580646$ & $0.00826036$ & $0.0445967$ & $-0.0153417$ & $-0.0504808$ & $-0.0552012$ & $-0.0278916$ & $0.00892657$ & $-0.0338653$ & $0.0351804$ & $0.041391$ & $0.0347779$ & $0.0377534$ & $0.0283853$ & $1$ & $-0.0279268$ & $0.00801838$ & $-0.060627$ & $0.00375959$ & $0.0403904$ & $-0.0212827$ & $-0.0286971$ & $-0.0278692$ & $-0.00996793$ & $0.00116726$ \\
eHZZpar & $-0.0223554$ & $-0.0528663$ & $-0.00454637$ & $-0.00911526$ & $-0.0119991$ & $-0.0313089$ & $-0.0306521$ & $0.00740523$ & $0.00830371$ & $-0.000743649$ & $0.0163461$ & $0.00781819$ & $0.0298117$ & $-0.0574388$ & $0.0078343$ & $-0.0186013$ & $-0.030588$ & $-0.0491252$ & $-0.0294204$ & $-0.0158323$ & $-0.0151299$ & $-0.0125001$ & $0.0332048$ & $-0.0236868$ & $-0.0209251$ & $-0.00358696$ & $0.023622$ & $-0.00792412$ & $-0.0194136$ & $0.0499256$ & $0.00888311$ & $-0.0152194$ & $0.0205524$ & $0.00228647$ & $-0.0029357$ & $0.0325398$ & $-0.00469556$ & $0.00496309$ & $-0.0279268$ & $1$ & $-0.0564115$ & $-0.0050294$ & $-0.0342267$ & $0.00238369$ & $-0.0143479$ & $-0.0409567$ & $0.0298707$ & $-0.0249279$ & $0.00787439$ \\
eHZgaint & $-0.0426506$ & $0.0158132$ & $-0.0202068$ & $-0.0295129$ & $-0.0110006$ & $-0.0300721$ & $0.0154085$ & $0.0148588$ & $0.0162606$ & $-0.0546054$ & $-0.00232143$ & $-0.0428688$ & $-0.00913044$ & $-0.0105189$ & $-0.0385597$ & $0.00721744$ & $-0.0293102$ & $0.00446156$ & $-0.0371111$ & $0.000285562$ & $0.00651757$ & $-0.00177383$ & $0.0265022$ & $-0.0230834$ & $-0.00752747$ & $-0.014004$ & $0.0249126$ & $0.021254$ & $-0.00294646$ & $-0.0458014$ & $-0.0186827$ & $0.0127497$ & $-0.0329873$ & $0.0428164$ & $0.00450729$ & $0.00168192$ & $0.0344256$ & $-0.0107119$ & $0.00801838$ & $-0.0564115$ & $1$ & $-0.0328557$ & $0.0188792$ & $-0.0037994$ & $-0.056254$ & $-0.00813014$ & $-0.00715993$ & $0.00656043$ & $-0.00323862$ \\
eHZgapar & $-0.0360655$ & $-0.00621959$ & $0.00793075$ & $-0.0406952$ & $-0.0218298$ & $0.00880223$ & $0.0360513$ & $0.0184527$ & $0.0201489$ & $-0.00218321$ & $-0.0138115$ & $0.0146067$ & $-0.00112976$ & $-0.00758434$ & $0.00790653$ & $0.0114514$ & $-0.00142403$ & $-0.00945473$ & $-0.0122341$ & $0.0163794$ & $0.016429$ & $0.00802815$ & $0.0222391$ & $-0.00378784$ & $-0.000947016$ & $-0.0364328$ & $0.0116232$ & $-0.00670564$ & $0.0286862$ & $-0.00332126$ & $-0.0228579$ & $0.0273274$ & $-0.04293$ & $0.0139264$ & $0.00375021$ & $0.00858913$ & $-0.00340127$ & $-0.0111866$ & $-0.060627$ & $-0.0050294$ & $-0.0328557$ & $1$ & $0.00631444$ & $-0.0195178$ & $-0.032173$ & $-0.00142932$ & $0.00187873$ & $-0.0360704$ & $-0.0444048$ \\
eHgagaint & $0.0125775$ & $-0.0425871$ & $-0.00410644$ & $-0.0157464$ & $0.0224798$ & $0.0442947$ & $-0.00301622$ & $0.0489682$ & $0.120378$ & $-0.0405202$ & $-0.0424689$ & $-0.0510913$ & $0.00552259$ & $0.0254499$ & $-0.0274399$ & $0.014795$ & $-0.0229506$ & $0.0140173$ & $-0.0223969$ & $0.0415329$ & $0.0448181$ & $0.0441405$ & $0.00934106$ & $-0.0471181$ & $-0.0211524$ & $-0.0413273$ & $0.0105495$ & $0.00893806$ & $-0.0056188$ & $0.00592475$ & $-0.0084981$ & $-0.00770516$ & $-0.0251118$ & $0.0534873$ & $-0.0175986$ & $-0.0253536$ & $0.0352701$ & $0.0243342$ & $0.00375959$ & $-0.0342267$ & $0.0188792$ & $0.00631444$ & $1$ & $0.0142254$ & $0.00170792$ & $0.0256096$ & $-0.0498844$ & $0.0267633$ & $-0.0289166$ \\
eHmumuint & $-0.0183546$ & $-0.0351497$ & $-0.0261909$ & $0.0277095$ & $0.0510487$ & $0.00812144$ & $-0.000483369$ & $0.0101361$ & $0.00789905$ & $0.00114192$ & $-0.00666072$ & $0.015209$ & $-0.0148231$ & $0.018614$ & $0.0210418$ & $0.00667487$ & $-0.0148681$ & $-0.0170722$ & $-0.00263869$ & $0.00739704$ & $0.00544291$ & $0.000698919$ & $-0.0181762$ & $-0.0200536$ & $-0.0267564$ & $0.00211073$ & $-0.0384454$ & $-0.000376057$ & $0.0257073$ & $-0.0197414$ & $0.00674182$ & $0.00151827$ & $-0.00495733$ & $-0.017183$ & $0.0104504$ & $-0.0224195$ & $0.0178867$ & $-0.0149445$ & $0.0403904$ & $0.00238369$ & $-0.0037994$ & $-0.0195178$ & $0.0142254$ & $1$ & $-0.0065118$ & $-0.0131769$ & $0.0140218$ & $-0.0305323$ & $0.0160543$ \\
eHtautauint & $0.0214832$ & $0.0188418$ & $-0.00899019$ & $-0.00702238$ & $-0.042709$ & $0.0163345$ & $-0.00211449$ & $-0.000926981$ & $-0.00227305$ & $0.0123846$ & $-0.00968302$ & $0.00305088$ & $-0.00865991$ & $0.0205276$ & $0.0233011$ & $-0.0071851$ & $0.018762$ & $0.000404837$ & $0.0239123$ & $0.00713235$ & $0.00746064$ & $0.00493801$ & $0.0116871$ & $0.00285396$ & $0.0229279$ & $-0.0164096$ & $0.00559133$ & $0.00987256$ & $-0.00118421$ & $0.0737073$ & $0.0135271$ & $-0.00425256$ & $0.0340345$ & $-0.0197418$ & $0.00422534$ & $-0.0501212$ & $0.0218698$ & $0.0185464$ & $-0.0212827$ & $-0.0143479$ & $-0.056254$ & $-0.032173$ & $0.00170792$ & $-0.0065118$ & $1$ & $-0.0196932$ & $0.0616637$ & $0.0582158$ & $0.0488204$ \\
eHccint & $-0.0310457$ & $0.0151613$ & $-0.054472$ & $0.00831293$ & $0.0100288$ & $-0.0297725$ & $0.0166879$ & $0.0394795$ & $0.0422633$ & $-0.0375018$ & $-0.0400054$ & $-0.0449546$ & $-0.00865659$ & $0.0238239$ & $0.00537553$ & $0.0102486$ & $-0.000230956$ & $-0.000814853$ & $-0.00686103$ & $0.0385952$ & $0.0452492$ & $0.0431612$ & $-0.0117495$ & $-0.0460182$ & $-0.00195825$ & $-0.0186494$ & $0.00511278$ & $0.0437072$ & $0.000511297$ & $-0.0370901$ & $0.0570683$ & $-0.0115787$ & $-0.0227769$ & $0.0290473$ & $-0.0418881$ & $-0.00324992$ & $0.00446951$ & $0.0373156$ & $-0.0286971$ & $-0.0409567$ & $-0.00813014$ & $-0.00142932$ & $0.0256096$ & $-0.0131769$ & $-0.0196932$ & $1$ & $-0.0498795$ & $-0.0347091$ & $0.0127596$ \\
eHccpar & $-0.0544366$ & $0.0199813$ & $0.0291047$ & $0.0193935$ & $-0.0405657$ & $-0.00365347$ & $0.0229084$ & $0.0128928$ & $0.0125734$ & $0.000945539$ & $-0.0169918$ & $0.00292016$ & $0.0127614$ & $0.00380015$ & $0.0306646$ & $-0.000227632$ & $0.00481355$ & $-0.0191429$ & $0.00604549$ & $0.0181768$ & $0.0146805$ & $0.0123122$ & $0.0175979$ & $-0.00165198$ & $-0.005559$ & $-0.0272655$ & $-0.0155306$ & $0.02624$ & $-0.0314827$ & $0.0182525$ & $0.398998$ & $0.0430995$ & $0.0148095$ & $-0.0166333$ & $0.00438193$ & $-0.0248138$ & $-0.0166906$ & $-0.00814103$ & $-0.0278692$ & $0.0298707$ & $-0.00715993$ & $0.00187873$ & $-0.0498844$ & $0.0140218$ & $0.0616637$ & $-0.0498795$ & $1$ & $0.0232331$ & $-0.0242188$ \\
eHbbint & $-0.0353358$ & $0.0121992$ & $-0.00755167$ & $0.00954364$ & $0.00236928$ & $-0.00845578$ & $-0.0363932$ & $-0.0240076$ & $-0.0243001$ & $0.00171939$ & $0.0119769$ & $-0.00646834$ & $0.0246228$ & $0.00129953$ & $0.0191259$ & $0.00838764$ & $0.0308149$ & $0.00963746$ & $0.0253918$ & $-0.00584764$ & $-0.0120588$ & $-0.00899821$ & $0.0106747$ & $0.0385889$ & $0.0274205$ & $-0.0111992$ & $-0.0176123$ & $0.0203041$ & $0.0346259$ & $0.0654189$ & $-0.00744174$ & $-0.0152734$ & $0.20333$ & $-0.0316897$ & $-0.0206087$ & $0.0221755$ & $0.0176984$ & $-0.0344137$ & $-0.00996793$ & $-0.0249279$ & $0.00656043$ & $-0.0360704$ & $0.0267633$ & $-0.0305323$ & $0.0582158$ & $-0.0347091$ & $0.0232331$ & $1$ & $-0.00959801$ \\
eHbbpar & $0.0215784$ & $0.000123694$ & $-0.0237825$ & $0.0196538$ & $0.0171413$ & $0.0208975$ & $-0.0226509$ & $-0.00659902$ & $0.00276191$ & $0.0216788$ & $-0.00535534$ & $0.0102259$ & $-0.0174878$ & $0.0381078$ & $-0.0177055$ & $-0.0346295$ & $0.0214913$ & $0.0358541$ & $0.0453354$ & $9.33699e-05$ & $0.00675893$ & $0.00453466$ & $0.0618847$ & $0.0119964$ & $0.0349474$ & $-0.0308749$ & $0.030935$ & $-0.0175849$ & $-0.00434313$ & $0.0328887$ & $0.0231059$ & $-0.0178467$ & $0.532422$ & $0.00782599$ & $-0.0416864$ & $0.0104774$ & $-0.0358952$ & $0.0209972$ & $0.00116726$ & $0.00787439$ & $-0.00323862$ & $-0.0444048$ & $-0.0289166$ & $0.0160543$ & $0.0488204$ & $0.0127596$ & $-0.0242188$ & $-0.00959801$ & $1$ \\
