 & AlsMz & dAle5Mz & mtop & mHl & Mz & CW & CHG & CHWB & CHWHB_gaga & CHWHB_gagaorth & CHD & CHbox & CH & CHL1_11 & CHL1_22 & CHL1_33 & CHL3_11 & CHL3_22 & CHL3_33 & CHe_11 & CHe_22 & CHe_33 & CHQ1_11 & CHQ1_33 & CHQ3_11 & CHu_11 & CHd_11 & CHd_33 & CeH_22r & CeH_33r & CuH_22r & CuH_33r & CdH_33r & CLL_1221 & eHggint & eHggpar & eHWWint & eHWWpar & eHZZint & eHZZpar & eHZgaint & eHZgapar & eHgagaint & eHmumuint & eHtautauint & eHccint & eHccpar & eHbbint & eHbbpar \\
AlsMz & $1$ & $-0.25069$ & $0.232182$ & $-0.0715709$ & $0.0938791$ & $-0.0129368$ & $0.092257$ & $-0.0380472$ & $-0.0306066$ & $0.049091$ & $0.0128572$ & $-0.0808413$ & $-0.114207$ & $0.0654677$ & $0.0684134$ & $0.064479$ & $0.0629218$ & $0.0160401$ & $0.0108222$ & $-0.0245561$ & $-0.0419036$ & $-0.0273063$ & $-0.0131624$ & $0.0691918$ & $-0.0246326$ & $-0.0571573$ & $-0.121948$ & $0.0321458$ & $-0.000777782$ & $-0.0517336$ & $-0.0341729$ & $0.0686267$ & $-0.0569239$ & $-0.0814633$ & $-0.253376$ & $-0.0147823$ & $0.110497$ & $0.0222212$ & $-0.131065$ & $-0.0413516$ & $-0.2942$ & $-0.0459548$ & $0.220221$ & $0.13601$ & $-0.161157$ & $0.0190102$ & $0.0564889$ & $0.238722$ & $-0.13861$ \\
dAle5Mz & $-0.25069$ & $1$ & $0.106621$ & $0.207908$ & $-0.0590228$ & $0.0158851$ & $-0.0379146$ & $-0.215541$ & $-0.213016$ & $0.126531$ & $0.189253$ & $0.0892805$ & $0.0847502$ & $0.0328002$ & $0.0901788$ & $0.0880325$ & $0.108723$ & $0.0225321$ & $0.0292895$ & $-0.171105$ & $-0.13052$ & $-0.175883$ & $-0.0888246$ & $0.13115$ & $-0.0126827$ & $0.0176008$ & $-0.334134$ & $-0.0608043$ & $0.00111595$ & $0.0966164$ & $0.120909$ & $-0.0159497$ & $0.127495$ & $-0.126417$ & $0.22182$ & $-0.359401$ & $-0.245336$ & $-0.0903951$ & $0.000375351$ & $-0.209801$ & $-0.103381$ & $-0.163124$ & $-0.156304$ & $-0.310484$ & $0.429169$ & $0.0262631$ & $0.301185$ & $0.196332$ & $0.137689$ \\
mtop & $0.232182$ & $0.106621$ & $1$ & $-0.289378$ & $-0.0417838$ & $-0.0181492$ & $0.00124039$ & $0.0188932$ & $0.0188423$ & $0.0249204$ & $-0.0412912$ & $0.0336393$ & $0.0202106$ & $0.0412147$ & $0.0491928$ & $0.0288964$ & $0.0365385$ & $-0.000416576$ & $0.00888366$ & $0.0327244$ & $0.0177943$ & $0.0257465$ & $-0.00586436$ & $0.0069923$ & $-0.0246972$ & $-0.097437$ & $-0.104116$ & $-0.0295074$ & $-0.014168$ & $0.0721136$ & $0.0873188$ & $0.0167291$ & $0.0169613$ & $0.00610199$ & $0.00879425$ & $0.0924791$ & $-0.183923$ & $-0.00492696$ & $0.0877607$ & $-0.0292391$ & $-0.266855$ & $-0.0199067$ & $-0.0537917$ & $0.120399$ & $0.0366048$ & $0.0391115$ & $0.239634$ & $0.00400268$ & $-0.291695$ \\
mHl & $-0.0715709$ & $0.207908$ & $-0.289378$ & $1$ & $0.00467145$ & $0.0116945$ & $-0.110704$ & $-0.232287$ & $-0.226958$ & $0.0877108$ & $0.2187$ & $-0.0355689$ & $0.0542999$ & $0.0271058$ & $0.0461234$ & $0.0565159$ & $0.117245$ & $0.0722186$ & $0.062357$ & $-0.211993$ & $-0.181706$ & $-0.175679$ & $-0.0254434$ & $0.188904$ & $0.0516335$ & $0.0573636$ & $-0.201525$ & $-0.0117078$ & $-0.0166657$ & $0.037799$ & $0.0306126$ & $-0.122953$ & $0.126547$ & $-0.164229$ & $0.10424$ & $-0.369728$ & $-0.127573$ & $-0.292178$ & $-0.124917$ & $-0.120107$ & $0.176151$ & $-0.262271$ & $0.161627$ & $0.0313724$ & $0.0312917$ & $0.137631$ & $-0.052473$ & $0.411259$ & $0.290621$ \\
Mz & $0.0938791$ & $-0.0590228$ & $-0.0417838$ & $0.00467145$ & $1$ & $-0.0144758$ & $0.070464$ & $-0.0304202$ & $-0.0289596$ & $0.0328242$ & $0.0593533$ & $-0.0383166$ & $-0.0502284$ & $0.0353007$ & $0.0216654$ & $0.0504086$ & $0.0411692$ & $0.0118845$ & $0.00118375$ & $-0.0110796$ & $-0.011266$ & $-0.0112066$ & $-0.0505281$ & $0.0537701$ & $-0.000832233$ & $0.0224166$ & $-0.077187$ & $-0.00261101$ & $-0.0334152$ & $-0.0167175$ & $-0.0040788$ & $0.0621709$ & $-0.0190372$ & $-0.050099$ & $-0.0529178$ & $-0.121307$ & $-0.0126773$ & $-0.0502147$ & $-0.0714279$ & $-0.0171887$ & $-0.0366625$ & $-0.0430339$ & $-0.0220467$ & $-0.138818$ & $0.0609834$ & $-0.0655511$ & $-0.0648382$ & $0.0606208$ & $0.0640646$ \\
CW & $-0.0129368$ & $0.0158851$ & $-0.0181492$ & $0.0116945$ & $-0.0144758$ & $1$ & $0.0265535$ & $-0.0803467$ & $-0.0792139$ & $0.0211319$ & $0.0836477$ & $0.00266159$ & $-0.0283342$ & $0.194509$ & $0.0228752$ & $0.0133477$ & $-0.131732$ & $0.00993961$ & $0.00257509$ & $-0.0845392$ & $-0.0655052$ & $-0.0690791$ & $-0.0025943$ & $0.0560271$ & $-0.00302679$ & $0.0318015$ & $-0.0730602$ & $-0.0189738$ & $0.0140089$ & $-0.00351441$ & $-0.00379551$ & $0.0312445$ & $0.00106065$ & $-0.136338$ & $0.0216532$ & $-0.0391492$ & $-0.0180702$ & $0.0225026$ & $-0.00848673$ & $0.0250547$ & $0.0025287$ & $-0.067294$ & $0.0164858$ & $-0.0439426$ & $0.0361424$ & $0.0265376$ & $-0.0130657$ & $0.0404081$ & $0.0039548$ \\
CHG & $0.092257$ & $-0.0379146$ & $0.00124039$ & $-0.110704$ & $0.070464$ & $0.0265535$ & $1$ & $-0.0657691$ & $-0.0331614$ & $0.0882081$ & $0.0116676$ & $-0.178554$ & $-0.594919$ & $0.108314$ & $0.0489033$ & $0.0428187$ & $0.109525$ & $0.0627678$ & $0.0640942$ & $-0.0190793$ & $-0.0371065$ & $-0.0272816$ & $-0.0445739$ & $0.0951912$ & $0.0528554$ & $-0.00718169$ & $-0.117734$ & $-0.012268$ & $-0.027352$ & $-0.307114$ & $-0.163035$ & $0.925108$ & $-0.345658$ & $-0.0818344$ & $-0.0151993$ & $-0.110027$ & $-0.0849986$ & $-0.0821888$ & $-0.126281$ & $0.109618$ & $-0.211968$ & $0.0804892$ & $0.0276335$ & $-0.170913$ & $0.124417$ & $-0.0808345$ & $-0.0725706$ & $0.0197516$ & $-0.0398924$ \\
CHWB & $-0.0380472$ & $-0.215541$ & $0.0188932$ & $-0.232287$ & $-0.0304202$ & $-0.0803467$ & $-0.0657691$ & $1$ & $0.992809$ & $-0.485796$ & $-0.892198$ & $-0.0986935$ & $0.15126$ & $-0.227989$ & $0.0516351$ & $0.04067$ & $-0.594822$ & $-0.535296$ & $-0.513658$ & $0.854669$ & $0.636441$ & $0.600804$ & $-0.029598$ & $-0.616898$ & $-0.589787$ & $-0.125703$ & $0.391521$ & $0.169971$ & $0.0398323$ & $0.0440539$ & $-0.0307532$ & $-0.0631177$ & $-0.0331485$ & $0.630183$ & $-0.0170009$ & $0.323551$ & $0.0559877$ & $0.123952$ & $0.186325$ & $0.0420681$ & $0.0509766$ & $0.101656$ & $0.0793812$ & $0.21514$ & $-0.177184$ & $-0.0283571$ & $-0.0268732$ & $-0.210091$ & $-0.195757$ \\
CHWHB_gaga & $-0.0306066$ & $-0.213016$ & $0.0188423$ & $-0.226958$ & $-0.0289596$ & $-0.0792139$ & $-0.0331614$ & $0.992809$ & $1$ & $-0.48358$ & $-0.886327$ & $-0.0848446$ & $0.140733$ & $-0.228323$ & $0.0549855$ & $0.0432606$ & $-0.593728$ & $-0.534811$ & $-0.510928$ & $0.853036$ & $0.631156$ & $0.596294$ & $-0.0326641$ & $-0.611059$ & $-0.587731$ & $-0.124727$ & $0.385462$ & $0.172314$ & $0.0459386$ & $0.0583884$ & $-0.0231257$ & $-0.0353288$ & $-0.0169379$ & $0.620488$ & $-0.0143226$ & $0.319867$ & $0.0408808$ & $0.119081$ & $0.190321$ & $0.0404834$ & $0.0429896$ & $0.103809$ & $0.104184$ & $0.215478$ & $-0.168246$ & $-0.0310592$ & $-0.0289026$ & $-0.204494$ & $-0.203615$ \\
CHWHB_gagaorth & $0.049091$ & $0.126531$ & $0.0249204$ & $0.0877108$ & $0.0328242$ & $0.0211319$ & $0.0882081$ & $-0.485796$ & $-0.48358$ & $1$ & $0.153632$ & $0.285667$ & $-0.175074$ & $0.692732$ & $0.125843$ & $0.0770456$ & $0.765814$ & $0.524336$ & $0.54351$ & $-0.21918$ & $-0.17456$ & $-0.146237$ & $-0.0379603$ & $0.520333$ & $0.609412$ & $0.0115325$ & $-0.314487$ & $-0.076796$ & $-0.0320328$ & $-0.0902309$ & $-0.0112981$ & $0.105264$ & $-0.0494106$ & $-0.38471$ & $-0.00469966$ & $-0.185631$ & $-0.0397866$ & $-0.052484$ & $-0.140972$ & $-0.0147168$ & $-0.0884203$ & $0.00328189$ & $-0.0259146$ & $-0.167248$ & $0.121862$ & $-0.0208538$ & $0.0224813$ & $0.123631$ & $0.110427$ \\
CHD & $0.0128572$ & $0.189253$ & $-0.0412912$ & $0.2187$ & $0.0593533$ & $0.0836477$ & $0.0116676$ & $-0.892198$ & $-0.886327$ & $0.153632$ & $1$ & $0.0660412$ & $-0.0563644$ & $-0.125347$ & $-0.131362$ & $-0.0967554$ & $0.260188$ & $0.322463$ & $0.287878$ & $-0.887436$ & $-0.65726$ & $-0.625026$ & $0.0525977$ & $0.41974$ & $0.340509$ & $0.150752$ & $-0.276767$ & $-0.158381$ & $-0.0227955$ & $0.00166427$ & $0.0400879$ & $0.0101017$ & $0.0649273$ & $-0.483089$ & $0.0205719$ & $-0.261695$ & $-0.028031$ & $-0.101774$ & $-0.146963$ & $-0.0459591$ & $0.00842527$ & $-0.12178$ & $-0.0890738$ & $-0.15509$ & $0.13797$ & $0.0454495$ & $0.0336969$ & $0.172599$ & $0.175697$ \\
CHbox & $-0.0808413$ & $0.0892805$ & $0.0336393$ & $-0.0355689$ & $-0.0383166$ & $0.00266159$ & $-0.178554$ & $-0.0986935$ & $-0.0848446$ & $0.285667$ & $0.0660412$ & $1$ & $0.287169$ & $-0.0941978$ & $0.0443232$ & $-0.0224725$ & $-0.0362411$ & $-0.00507014$ & $0.0446215$ & $0.135409$ & $-0.00994041$ & $0.0071754$ & $0.017088$ & $0.0280159$ & $0.0384446$ & $0.0056068$ & $0.0162457$ & $0.0153284$ & $0.0574592$ & $0.319011$ & $0.126589$ & $-0.0503385$ & $0.338549$ & $-0.186392$ & $0.0488644$ & $0.0861845$ & $0.0309802$ & $0.0823748$ & $0.06173$ & $-0.0239409$ & $0.0360391$ & $0.00272679$ & $-0.0171982$ & $0.0639371$ & $-0.0358043$ & $0.0526102$ & $0.151198$ & $-0.0244708$ & $0.0633339$ \\
CH & $-0.114207$ & $0.0847502$ & $0.0202106$ & $0.0542999$ & $-0.0502284$ & $-0.0283342$ & $-0.594919$ & $0.15126$ & $0.140733$ & $-0.175074$ & $-0.0563644$ & $0.287169$ & $1$ & $-0.204262$ & $-0.0337028$ & $-0.0548544$ & $-0.208151$ & $-0.144519$ & $-0.122443$ & $0.0783284$ & $0.0615275$ & $0.0748243$ & $0.0669101$ & $-0.152167$ & $-0.123495$ & $-0.000827176$ & $0.180211$ & $0.0903399$ & $0.0949483$ & $0.410782$ & $0.222829$ & $-0.514162$ & $0.448264$ & $0.146007$ & $0.0676967$ & $0.221249$ & $0.113544$ & $0.12046$ & $0.157653$ & $-0.0977633$ & $0.220726$ & $-0.0757282$ & $-0.068776$ & $0.221191$ & $-0.19949$ & $0.101493$ & $0.14111$ & $-0.121249$ & $0.0106327$ \\
CHL1_11 & $0.0654677$ & $0.0328002$ & $0.0412147$ & $0.0271058$ & $0.0353007$ & $0.194509$ & $0.108314$ & $-0.227989$ & $-0.228323$ & $0.692732$ & $-0.125347$ & $-0.0941978$ & $-0.204262$ & $1$ & $0.150111$ & $0.108792$ & $0.601835$ & $0.452409$ & $0.469059$ & $-0.0706042$ & $-0.010647$ & $0.00926624$ & $-0.047662$ & $0.434564$ & $0.511048$ & $-0.0375454$ & $-0.274493$ & $-0.0486004$ & $-0.0268187$ & $-0.101202$ & $-0.0243646$ & $0.0870869$ & $-0.0745296$ & $-0.264602$ & $-0.0331489$ & $-0.147846$ & $-0.0589908$ & $-0.0532607$ & $-0.0859947$ & $0.0128318$ & $-0.118662$ & $0.0287531$ & $0.0222257$ & $-0.139562$ & $0.108157$ & $-0.0426171$ & $-0.041986$ & $0.0937602$ & $0.0391492$ \\
CHL1_22 & $0.0684134$ & $0.0901788$ & $0.0491928$ & $0.0461234$ & $0.0216654$ & $0.0228752$ & $0.0489033$ & $0.0516351$ & $0.0549855$ & $0.125843$ & $-0.131362$ & $0.0443232$ & $-0.0337028$ & $0.150111$ & $1$ & $0.263387$ & $0.0608448$ & $-0.490242$ & $-0.0845468$ & $0.139153$ & $-0.0845485$ & $-0.0329853$ & $-0.0341676$ & $0.209774$ & $-0.140944$ & $0.00929726$ & $-0.383135$ & $0.0135848$ & $-0.0368812$ & $0.0165341$ & $-0.0100514$ & $0.0541045$ & $0.00714271$ & $-0.506448$ & $0.0399994$ & $-0.209345$ & $-0.102927$ & $-0.0348478$ & $-0.0654679$ & $0.0755156$ & $-0.11325$ & $-0.0566353$ & $0.028472$ & $-0.0938117$ & $0.161124$ & $0.00454378$ & $-0.0301818$ & $0.177073$ & $0.0114739$ \\
CHL1_33 & $0.064479$ & $0.0880325$ & $0.0288964$ & $0.0565159$ & $0.0504086$ & $0.0133477$ & $0.0428187$ & $0.04067$ & $0.0432606$ & $0.0770456$ & $-0.0967554$ & $-0.0224725$ & $-0.0548544$ & $0.108792$ & $0.263387$ & $1$ & $0.0285875$ & $-0.117106$ & $-0.486651$ & $0.101375$ & $-0.0493212$ & $-0.149972$ & $-0.0614626$ & $0.1844$ & $-0.161852$ & $0.0528199$ & $-0.38855$ & $-0.00528309$ & $-0.0164012$ & $0.00106185$ & $-0.012209$ & $0.0400281$ & $-0.0120112$ & $-0.143562$ & $0.0243038$ & $-0.172686$ & $-0.0997846$ & $-0.0298871$ & $-0.0285355$ & $0.0114203$ & $-0.0795968$ & $-0.00415678$ & $0.0548993$ & $-0.134298$ & $0.216396$ & $-0.0179859$ & $-0.0692419$ & $0.15547$ & $-0.023294$ \\
CHL3_11 & $0.0629218$ & $0.108723$ & $0.0365385$ & $0.117245$ & $0.0411692$ & $-0.131732$ & $0.109525$ & $-0.594822$ & $-0.593728$ & $0.765814$ & $0.260188$ & $-0.0362411$ & $-0.208151$ & $0.601835$ & $0.0608448$ & $0.0285875$ & $1$ & $0.630075$ & $0.644407$ & $-0.408757$ & $-0.251641$ & $-0.225124$ & $-0.0163133$ & $0.587794$ & $0.730236$ & $0.0124648$ & $-0.305435$ & $-0.0943387$ & $-0.0456903$ & $-0.0941634$ & $-0.000230888$ & $0.0938672$ & $-0.0412724$ & $-0.320908$ & $-0.0220749$ & $-0.218803$ & $-0.0535008$ & $-0.0831213$ & $-0.159836$ & $-0.0266528$ & $-0.102427$ & $0.00127514$ & $-0.0372324$ & $-0.181738$ & $0.116777$ & $-0.0377657$ & $0.00469123$ & $0.122143$ & $0.118989$ \\
CHL3_22 & $0.0160401$ & $0.0225321$ & $-0.000416576$ & $0.0722186$ & $0.0118845$ & $0.00993961$ & $0.0627678$ & $-0.535296$ & $-0.534811$ & $0.524336$ & $0.322463$ & $-0.00507014$ & $-0.144519$ & $0.452409$ & $-0.490242$ & $-0.117106$ & $0.630075$ & $1$ & $0.587643$ & $-0.398753$ & $-0.230773$ & $-0.21216$ & $0.00299545$ & $0.393096$ & $0.726492$ & $0.0327123$ & $-0.0198567$ & $-0.095381$ & $-0.00605291$ & $-0.0920999$ & $0.00249171$ & $0.0489826$ & $-0.0481519$ & $0.151403$ & $-0.0658276$ & $-0.021861$ & $0.0478338$ & $-0.0437318$ & $-0.0803237$ & $-0.0776862$ & $0.0130689$ & $0.0425883$ & $-0.0479468$ & $-0.0839797$ & $-0.00933225$ & $-0.00924219$ & $0.0306796$ & $-0.0205223$ & $0.0872827$ \\
CHL3_33 & $0.0108222$ & $0.0292895$ & $0.00888366$ & $0.062357$ & $0.00118375$ & $0.00257509$ & $0.0640942$ & $-0.513658$ & $-0.510928$ & $0.54351$ & $0.287878$ & $0.0446215$ & $-0.122443$ & $0.469059$ & $-0.0845468$ & $-0.486651$ & $0.644407$ & $0.587643$ & $1$ & $-0.363939$ & $-0.214239$ & $-0.19558$ & $0.0132278$ & $0.400061$ & $0.719713$ & $0.001243$ & $-0.0278451$ & $-0.0739722$ & $-0.0240804$ & $-0.0708462$ & $0.00978857$ & $0.0562421$ & $-0.0203945$ & $-0.22057$ & $-0.0358017$ & $-0.0622988$ & $0.00932502$ & $-0.0527241$ & $-0.115326$ & $-0.0264841$ & $-0.0286758$ & $0.007061$ & $-0.0384399$ & $-0.0793113$ & $-0.0282638$ & $-0.0100872$ & $0.0445414$ & $0.0030317$ & $0.104304$ \\
CHe_11 & $-0.0245561$ & $-0.171105$ & $0.0327244$ & $-0.211993$ & $-0.0110796$ & $-0.0845392$ & $-0.0190793$ & $0.854669$ & $0.853036$ & $-0.21918$ & $-0.887436$ & $0.135409$ & $0.0783284$ & $-0.0706042$ & $0.139153$ & $0.101375$ & $-0.408757$ & $-0.398753$ & $-0.363939$ & $1$ & $0.640658$ & $0.603304$ & $-0.0478668$ & $-0.463432$ & $-0.421714$ & $-0.135702$ & $0.291172$ & $0.167929$ & $0.0272748$ & $0.012576$ & $-0.0317182$ & $0.00225003$ & $-0.0534731$ & $0.398866$ & $0.00708934$ & $0.259971$ & $0.0286207$ & $0.0974308$ & $0.151286$ & $0.0466998$ & $0.00203184$ & $0.0993857$ & $0.0865662$ & $0.160785$ & $-0.141378$ & $-0.0319998$ & $-0.0159456$ & $-0.164554$ & $-0.16573$ \\
CHe_22 & $-0.0419036$ & $-0.13052$ & $0.0177943$ & $-0.181706$ & $-0.011266$ & $-0.0655052$ & $-0.0371065$ & $0.636441$ & $0.631156$ & $-0.17456$ & $-0.65726$ & $-0.00994041$ & $0.0615275$ & $-0.010647$ & $-0.0845485$ & $-0.0493212$ & $-0.251641$ & $-0.230773$ & $-0.214239$ & $0.640658$ & $1$ & $0.495619$ & $-0.012779$ & $-0.440201$ & $-0.27959$ & $-0.144621$ & $0.353328$ & $0.130468$ & $0.0255604$ & $0.020275$ & $-0.0144024$ & $-0.0278595$ & $-0.0331591$ & $0.390232$ & $-0.0152286$ & $0.250233$ & $0.0283626$ & $0.099242$ & $0.164544$ & $-0.00725831$ & $0.00231605$ & $0.112999$ & $0.0481808$ & $0.160493$ & $-0.148865$ & $-0.0440303$ & $-0.0269688$ & $-0.18413$ & $-0.139121$ \\
CHe_33 & $-0.0273063$ & $-0.175883$ & $0.0257465$ & $-0.175679$ & $-0.0112066$ & $-0.0690791$ & $-0.0272816$ & $0.600804$ & $0.596294$ & $-0.146237$ & $-0.625026$ & $0.0071754$ & $0.0748243$ & $0.00926624$ & $-0.0329853$ & $-0.149972$ & $-0.225124$ & $-0.21216$ & $-0.19558$ & $0.603304$ & $0.495619$ & $1$ & $-0.0249366$ & $-0.407961$ & $-0.235374$ & $-0.119802$ & $0.357903$ & $0.12431$ & $0.0333951$ & $0.0114927$ & $-0.0280376$ & $-0.0154466$ & $-0.0292576$ & $0.362238$ & $-0.0103441$ & $0.261941$ & $0.0420221$ & $0.0579167$ & $0.148629$ & $0.0191519$ & $0.0246684$ & $0.0888717$ & $0.0701864$ & $0.151544$ & $-0.164208$ & $-0.0312933$ & $-0.00365815$ & $-0.198385$ & $-0.141756$ \\
CHQ1_11 & $-0.0131624$ & $-0.0888246$ & $-0.00586436$ & $-0.0254434$ & $-0.0505281$ & $-0.0025943$ & $-0.0445739$ & $-0.029598$ & $-0.0326641$ & $-0.0379603$ & $0.0525977$ & $0.017088$ & $0.0669101$ & $-0.047662$ & $-0.0341676$ & $-0.0614626$ & $-0.0163133$ & $0.00299545$ & $0.0132278$ & $-0.0478668$ & $-0.012779$ & $-0.0249366$ & $1$ & $-0.0332666$ & $0.0517494$ & $-0.575407$ & $0.184356$ & $-0.0156074$ & $0.00059622$ & $0.00895565$ & $0.00932797$ & $-0.0461315$ & $0.0145659$ & $-0.00325433$ & $-0.0265905$ & $0.055452$ & $0.0751051$ & $0.0097217$ & $-0.00314292$ & $0.032061$ & $0.0523132$ & $-0.0207477$ & $-0.0724381$ & $0.0867967$ & $-0.0693018$ & $-0.00382443$ & $0.0136895$ & $-0.00434309$ & $0.00011998$ \\
CHQ1_33 & $0.0691918$ & $0.13115$ & $0.0069923$ & $0.188904$ & $0.0537701$ & $0.0560271$ & $0.0951912$ & $-0.616898$ & $-0.611059$ & $0.520333$ & $0.41974$ & $0.0280159$ & $-0.152167$ & $0.434564$ & $0.209774$ & $0.1844$ & $0.587794$ & $0.393096$ & $0.400061$ & $-0.463432$ & $-0.440201$ & $-0.407961$ & $-0.0332666$ & $1$ & $0.479159$ & $0.0630117$ & $-0.398767$ & $-0.0050118$ & $-0.0404795$ & $-0.0621884$ & $0.00709545$ & $0.0824164$ & $-0.00473361$ & $-0.483668$ & $0.0308274$ & $-0.284454$ & $-0.0852825$ & $-0.126523$ & $-0.160929$ & $-0.0225883$ & $-0.0903879$ & $-0.0723944$ & $-0.0247207$ & $-0.203296$ & $0.173075$ & $-0.0140041$ & $-0.0295072$ & $0.190066$ & $0.166697$ \\
CHQ3_11 & $-0.0246326$ & $-0.0126827$ & $-0.0246972$ & $0.0516335$ & $-0.000832233$ & $-0.00302679$ & $0.0528554$ & $-0.589787$ & $-0.587731$ & $0.609412$ & $0.340509$ & $0.0384446$ & $-0.123495$ & $0.511048$ & $-0.140944$ & $-0.161852$ & $0.730236$ & $0.726492$ & $0.719713$ & $-0.421714$ & $-0.27959$ & $-0.235374$ & $0.0517494$ & $0.479159$ & $1$ & $0.016625$ & $0.0891813$ & $-0.0759883$ & $-0.0247285$ & $-0.0806215$ & $0.00593165$ & $0.041632$ & $-0.029797$ & $-0.197401$ & $-0.0441457$ & $0.0116838$ & $0.0537968$ & $-0.0471777$ & $-0.0877936$ & $-0.0468403$ & $0.0453865$ & $0.0386576$ & $-0.0427705$ & $-0.0663838$ & $-0.0522389$ & $-0.00283928$ & $0.0510027$ & $-0.0332172$ & $0.0999666$ \\
CHu_11 & $-0.0571573$ & $0.0176008$ & $-0.097437$ & $0.0573636$ & $0.0224166$ & $0.0318015$ & $-0.00718169$ & $-0.125703$ & $-0.124727$ & $0.0115325$ & $0.150752$ & $0.0056068$ & $-0.000827176$ & $-0.0375454$ & $0.00929726$ & $0.0528199$ & $0.0124648$ & $0.0327123$ & $0.001243$ & $-0.135702$ & $-0.144621$ & $-0.119802$ & $-0.575407$ & $0.0630117$ & $0.016625$ & $1$ & $0.0936078$ & $-0.00743842$ & $-0.000571023$ & $-0.0165994$ & $-0.00822968$ & $-0.00452137$ & $0.0162133$ & $-0.0694631$ & $0.0267383$ & $0.0411351$ & $0.0600178$ & $-0.0158387$ & $-0.0389764$ & $-0.0756641$ & $0.135883$ & $0.0467998$ & $0.00614377$ & $-0.038292$ & $-0.058056$ & $0.058754$ & $-0.014641$ & $-0.0955846$ & $0.0568742$ \\
CHd_11 & $-0.121948$ & $-0.334134$ & $-0.104116$ & $-0.201525$ & $-0.077187$ & $-0.0730602$ & $-0.117734$ & $0.391521$ & $0.385462$ & $-0.314487$ & $-0.276767$ & $0.0162457$ & $0.180211$ & $-0.274493$ & $-0.383135$ & $-0.38855$ & $-0.305435$ & $-0.0198567$ & $-0.0278451$ & $0.291172$ & $0.353328$ & $0.357903$ & $0.184356$ & $-0.398767$ & $0.0891813$ & $0.0936078$ & $1$ & $0.0951099$ & $0.0384359$ & $0.0243109$ & $-0.00608567$ & $-0.109874$ & $0.00413493$ & $0.499614$ & $-0.0562654$ & $0.568043$ & $0.250136$ & $0.113508$ & $0.160413$ & $-0.0662951$ & $0.293529$ & $0.129194$ & $0.00595358$ & $0.318969$ & $-0.451801$ & $0.0409824$ & $0.0738203$ & $-0.417164$ & $-0.0810562$ \\
CHd_33 & $0.0321458$ & $-0.0608043$ & $-0.0295074$ & $-0.0117078$ & $-0.00261101$ & $-0.0189738$ & $-0.012268$ & $0.169971$ & $0.172314$ & $-0.076796$ & $-0.158381$ & $0.0153284$ & $0.0903399$ & $-0.0486004$ & $0.0135848$ & $-0.00528309$ & $-0.0943387$ & $-0.095381$ & $-0.0739722$ & $0.167929$ & $0.130468$ & $0.12431$ & $-0.0156074$ & $-0.0050118$ & $-0.0759883$ & $-0.00743842$ & $0.0951099$ & $1$ & $0.00691425$ & $0.0237997$ & $-0.00772139$ & $-0.00937824$ & $0.00666149$ & $0.0907778$ & $0.00085943$ & $0.059967$ & $-0.0237902$ & $-0.000375641$ & $0.0102687$ & $-0.0160305$ & $0.0119677$ & $0.00991704$ & $0.0510293$ & $0.0720328$ & $-0.0412917$ & $0.0227876$ & $-0.0449638$ & $-0.0465387$ & $-0.0776299$ \\
CeH_22r & $-0.000777782$ & $0.00111595$ & $-0.014168$ & $-0.0166657$ & $-0.0334152$ & $0.0140089$ & $-0.027352$ & $0.0398323$ & $0.0459386$ & $-0.0320328$ & $-0.0227955$ & $0.0574592$ & $0.0949483$ & $-0.0268187$ & $-0.0368812$ & $-0.0164012$ & $-0.0456903$ & $-0.00605291$ & $-0.0240804$ & $0.0272748$ & $0.0255604$ & $0.0333951$ & $0.00059622$ & $-0.0404795$ & $-0.0247285$ & $-0.000571023$ & $0.0384359$ & $0.00691425$ & $1$ & $0.07272$ & $0.032731$ & $-0.0388565$ & $0.0690259$ & $0.0534878$ & $0.0316754$ & $0.0327022$ & $0.0077566$ & $0.0231102$ & $0.0302195$ & $-0.0193825$ & $-0.0115556$ & $0.041081$ & $-0.013998$ & $0.0440737$ & $-0.0321258$ & $-0.00413334$ & $-0.00553981$ & $-0.0461018$ & $-0.0159884$ \\
CeH_33r & $-0.0517336$ & $0.0966164$ & $0.0721136$ & $0.037799$ & $-0.0167175$ & $-0.00351441$ & $-0.307114$ & $0.0440539$ & $0.0583884$ & $-0.0902309$ & $0.00166427$ & $0.319011$ & $0.410782$ & $-0.101202$ & $0.0165341$ & $0.00106185$ & $-0.0941634$ & $-0.0920999$ & $-0.0708462$ & $0.012576$ & $0.020275$ & $0.0114927$ & $0.00895565$ & $-0.0621884$ & $-0.0806215$ & $-0.0165994$ & $0.0243109$ & $0.0237997$ & $0.07272$ & $1$ & $0.355287$ & $-0.121376$ & $0.730437$ & $0.0233804$ & $0.0499082$ & $0.0551215$ & $-0.0695944$ & $-0.0503552$ & $0.0779343$ & $-0.0311033$ & $0.0465342$ & $-0.0534901$ & $-0.00193328$ & $0.0715673$ & $0.0204317$ & $0.0249473$ & $0.0521394$ & $-0.0410954$ & $-0.0300679$ \\
CuH_22r & $-0.0341729$ & $0.120909$ & $0.0873188$ & $0.0306126$ & $-0.0040788$ & $-0.00379551$ & $-0.163035$ & $-0.0307532$ & $-0.0231257$ & $-0.0112981$ & $0.0400879$ & $0.126589$ & $0.222829$ & $-0.0243646$ & $-0.0100514$ & $-0.012209$ & $-0.000230888$ & $0.00249171$ & $0.00978857$ & $-0.0317182$ & $-0.0144024$ & $-0.0280376$ & $0.00932797$ & $0.00709545$ & $0.00593165$ & $-0.00822968$ & $-0.00608567$ & $-0.00772139$ & $0.032731$ & $0.355287$ & $1$ & $-0.0422496$ & $0.428718$ & $-0.00454157$ & $0.0428432$ & $0.0364346$ & $-0.0298562$ & $-0.0500648$ & $-0.0261284$ & $-0.0423498$ & $0.0370153$ & $-0.0935355$ & $-0.0321462$ & $-0.021212$ & $0.00962828$ & $0.061889$ & $0.212772$ & $0.00859584$ & $0.0408401$ \\
CuH_33r & $0.0686267$ & $-0.0159497$ & $0.0167291$ & $-0.122953$ & $0.0621709$ & $0.0312445$ & $0.925108$ & $-0.0631177$ & $-0.0353288$ & $0.105264$ & $0.0101017$ & $-0.0503385$ & $-0.514162$ & $0.0870869$ & $0.0541045$ & $0.0400281$ & $0.0938672$ & $0.0489826$ & $0.0562421$ & $0.00225003$ & $-0.0278595$ & $-0.0154466$ & $-0.0461315$ & $0.0824164$ & $0.041632$ & $-0.00452137$ & $-0.109874$ & $-0.00937824$ & $-0.0388565$ & $-0.121376$ & $-0.0422496$ & $1$ & $-0.109284$ & $-0.0924274$ & $0.023075$ & $-0.084838$ & $-0.108214$ & $-0.098255$ & $-0.105788$ & $0.117374$ & $-0.214666$ & $0.0727696$ & $0.0264504$ & $-0.161925$ & $0.129214$ & $-0.0751817$ & $-0.0580177$ & $-0.012663$ & $-0.0552627$ \\
CdH_33r & $-0.0569239$ & $0.127495$ & $0.0169613$ & $0.126547$ & $-0.0190372$ & $0.00106065$ & $-0.345658$ & $-0.0331485$ & $-0.0169379$ & $-0.0494106$ & $0.0649273$ & $0.338549$ & $0.448264$ & $-0.0745296$ & $0.00714271$ & $-0.0120112$ & $-0.0412724$ & $-0.0481519$ & $-0.0203945$ & $-0.0534731$ & $-0.0331591$ & $-0.0292576$ & $0.0145659$ & $-0.00473361$ & $-0.029797$ & $0.0162133$ & $0.00413493$ & $0.00666149$ & $0.0690259$ & $0.730437$ & $0.428718$ & $-0.109284$ & $1$ & $-0.0256525$ & $0.050389$ & $-0.004563$ & $-0.0067089$ & $-0.0681792$ & $0.00341227$ & $-0.0382856$ & $0.0619869$ & $-0.113031$ & $-0.0569217$ & $0.0558108$ & $-0.0218327$ & $0.0889012$ & $0.106204$ & $0.0584153$ & $0.15925$ \\
CLL_1221 & $-0.0814633$ & $-0.126417$ & $0.00610199$ & $-0.164229$ & $-0.050099$ & $-0.136338$ & $-0.0818344$ & $0.630183$ & $0.620488$ & $-0.38471$ & $-0.483089$ & $-0.186392$ & $0.146007$ & $-0.264602$ & $-0.506448$ & $-0.143562$ & $-0.320908$ & $0.151403$ & $-0.22057$ & $0.398866$ & $0.390232$ & $0.362238$ & $-0.00325433$ & $-0.483668$ & $-0.197401$ & $-0.0694631$ & $0.499614$ & $0.0907778$ & $0.0534878$ & $0.0233804$ & $-0.00454157$ & $-0.0924274$ & $-0.0256525$ & $1$ & $-0.0561$ & $0.356472$ & $0.115019$ & $0.109188$ & $0.159452$ & $-0.0598854$ & $0.128145$ & $0.110559$ & $0.0021927$ & $0.190186$ & $-0.20212$ & $-0.0175905$ & $0.046357$ & $-0.268794$ & $-0.128375$ \\
eHggint & $-0.253376$ & $0.22182$ & $0.00879425$ & $0.10424$ & $-0.0529178$ & $0.0216532$ & $-0.0151993$ & $-0.0170009$ & $-0.0143226$ & $-0.00469966$ & $0.0205719$ & $0.0488644$ & $0.0676967$ & $-0.0331489$ & $0.0399994$ & $0.0243038$ & $-0.0220749$ & $-0.0658276$ & $-0.0358017$ & $0.00708934$ & $-0.0152286$ & $-0.0103441$ & $-0.0265905$ & $0.0308274$ & $-0.0441457$ & $0.0267383$ & $-0.0562654$ & $0.00085943$ & $0.0316754$ & $0.0499082$ & $0.0428432$ & $0.023075$ & $0.050389$ & $-0.0561$ & $1$ & $-0.162284$ & $-0.353527$ & $-0.244631$ & $0.17846$ & $-0.0653609$ & $-0.176765$ & $-0.139168$ & $0.0614599$ & $-0.0195954$ & $0.104294$ & $-0.0759186$ & $-0.0932507$ & $-0.0843533$ & $-0.0852696$ \\
eHggpar & $-0.0147823$ & $-0.359401$ & $0.0924791$ & $-0.369728$ & $-0.121307$ & $-0.0391492$ & $-0.110027$ & $0.323551$ & $0.319867$ & $-0.185631$ & $-0.261695$ & $0.0861845$ & $0.221249$ & $-0.147846$ & $-0.209345$ & $-0.172686$ & $-0.218803$ & $-0.021861$ & $-0.0622988$ & $0.259971$ & $0.250233$ & $0.261941$ & $0.055452$ & $-0.284454$ & $0.0116838$ & $0.0411351$ & $0.568043$ & $0.059967$ & $0.0327022$ & $0.0551215$ & $0.0364346$ & $-0.084838$ & $-0.004563$ & $0.356472$ & $-0.162284$ & $1$ & $0.242015$ & $0.140669$ & $0.288867$ & $-0.0298853$ & $0.293563$ & $0.2149$ & $0.112582$ & $0.146969$ & $-0.341831$ & $-0.0161081$ & $0.172427$ & $-0.565024$ & $-0.218008$ \\
eHWWint & $0.110497$ & $-0.245336$ & $-0.183923$ & $-0.127573$ & $-0.0126773$ & $-0.0180702$ & $-0.0849986$ & $0.0559877$ & $0.0408808$ & $-0.0397866$ & $-0.028031$ & $0.0309802$ & $0.113544$ & $-0.0589908$ & $-0.102927$ & $-0.0997846$ & $-0.0535008$ & $0.0478338$ & $0.00932502$ & $0.0286207$ & $0.0283626$ & $0.0420221$ & $0.0751051$ & $-0.0852825$ & $0.0537968$ & $0.0600178$ & $0.250136$ & $-0.0237902$ & $0.0077566$ & $-0.0695944$ & $-0.0298562$ & $-0.108214$ & $-0.0067089$ & $0.115019$ & $-0.353527$ & $0.242015$ & $1$ & $0.15976$ & $-0.309539$ & $0.0116618$ & $0.515669$ & $0.0639343$ & $-0.346283$ & $-0.125267$ & $-0.449602$ & $0.226744$ & $0.291221$ & $0.0779169$ & $0.319862$ \\
eHWWpar & $0.0222212$ & $-0.0903951$ & $-0.00492696$ & $-0.292178$ & $-0.0502147$ & $0.0225026$ & $-0.0821888$ & $0.123952$ & $0.119081$ & $-0.052484$ & $-0.101774$ & $0.0823748$ & $0.12046$ & $-0.0532607$ & $-0.0348478$ & $-0.0298871$ & $-0.0831213$ & $-0.0437318$ & $-0.0527241$ & $0.0974308$ & $0.099242$ & $0.0579167$ & $0.0097217$ & $-0.126523$ & $-0.0471777$ & $-0.0158387$ & $0.113508$ & $-0.000375641$ & $0.0231102$ & $-0.0503552$ & $-0.0500648$ & $-0.098255$ & $-0.0681792$ & $0.109188$ & $-0.244631$ & $0.140669$ & $0.15976$ & $1$ & $0.0542496$ & $0.0616263$ & $0.0457177$ & $0.0418058$ & $0.00153297$ & $0.184472$ & $-0.110078$ & $-0.187135$ & $0.141935$ & $-0.0678183$ & $-0.108023$ \\
eHZZint & $-0.131065$ & $0.000375351$ & $0.0877607$ & $-0.124917$ & $-0.0714279$ & $-0.00848673$ & $-0.126281$ & $0.186325$ & $0.190321$ & $-0.140972$ & $-0.146963$ & $0.06173$ & $0.157653$ & $-0.0859947$ & $-0.0654679$ & $-0.0285355$ & $-0.159836$ & $-0.0803237$ & $-0.115326$ & $0.151286$ & $0.164544$ & $0.148629$ & $-0.00314292$ & $-0.160929$ & $-0.0877936$ & $-0.0389764$ & $0.160413$ & $0.0102687$ & $0.0302195$ & $0.0779343$ & $-0.0261284$ & $-0.105788$ & $0.00341227$ & $0.159452$ & $0.17846$ & $0.288867$ & $-0.309539$ & $0.0542496$ & $1$ & $-0.157585$ & $-0.0457902$ & $0.129639$ & $0.298279$ & $0.297349$ & $0.156012$ & $-0.113426$ & $-0.180566$ & $-0.216967$ & $-0.414665$ \\
eHZZpar & $-0.0413516$ & $-0.209801$ & $-0.0292391$ & $-0.120107$ & $-0.0171887$ & $0.0250547$ & $0.109618$ & $0.0420681$ & $0.0404834$ & $-0.0147168$ & $-0.0459591$ & $-0.0239409$ & $-0.0977633$ & $0.0128318$ & $0.0755156$ & $0.0114203$ & $-0.0266528$ & $-0.0776862$ & $-0.0264841$ & $0.0466998$ & $-0.00725831$ & $0.0191519$ & $0.032061$ & $-0.0225883$ & $-0.0468403$ & $-0.0756641$ & $-0.0662951$ & $-0.0160305$ & $-0.0193825$ & $-0.0311033$ & $-0.0423498$ & $0.117374$ & $-0.0382856$ & $-0.0598854$ & $-0.0653609$ & $-0.0298853$ & $0.0116618$ & $0.0616263$ & $-0.157585$ & $1$ & $0.00538135$ & $-0.113916$ & $-0.0716134$ & $0.0845576$ & $-0.0409873$ & $0.0597138$ & $-0.0652652$ & $0.1483$ & $0.0295803$ \\
eHZgaint & $-0.2942$ & $-0.103381$ & $-0.266855$ & $0.176151$ & $-0.0366625$ & $0.0025287$ & $-0.211968$ & $0.0509766$ & $0.0429896$ & $-0.0884203$ & $0.00842527$ & $0.0360391$ & $0.220726$ & $-0.118662$ & $-0.11325$ & $-0.0795968$ & $-0.102427$ & $0.0130689$ & $-0.0286758$ & $0.00203184$ & $0.00231605$ & $0.0246684$ & $0.0523132$ & $-0.0903879$ & $0.0453865$ & $0.135883$ & $0.293529$ & $0.0119677$ & $-0.0115556$ & $0.0465342$ & $0.0370153$ & $-0.214666$ & $0.0619869$ & $0.128145$ & $-0.176765$ & $0.293563$ & $0.515669$ & $0.0457177$ & $-0.0457902$ & $0.00538135$ & $1$ & $-0.0692819$ & $-0.0423555$ & $-0.04136$ & $-0.154769$ & $0.247218$ & $0.12556$ & $-0.0297079$ & $0.098535$ \\
eHZgapar & $-0.0459548$ & $-0.163124$ & $-0.0199067$ & $-0.262271$ & $-0.0430339$ & $-0.067294$ & $0.0804892$ & $0.101656$ & $0.103809$ & $0.00328189$ & $-0.12178$ & $0.00272679$ & $-0.0757282$ & $0.0287531$ & $-0.0566353$ & $-0.00415678$ & $0.00127514$ & $0.0425883$ & $0.007061$ & $0.0993857$ & $0.112999$ & $0.0888717$ & $-0.0207477$ & $-0.0723944$ & $0.0386576$ & $0.0467998$ & $0.129194$ & $0.00991704$ & $0.041081$ & $-0.0534901$ & $-0.0935355$ & $0.0727696$ & $-0.113031$ & $0.110559$ & $-0.139168$ & $0.2149$ & $0.0639343$ & $0.0418058$ & $0.129639$ & $-0.113916$ & $-0.0692819$ & $1$ & $0.0586188$ & $-0.0282825$ & $0.0694663$ & $-0.146504$ & $-0.121871$ & $-0.359594$ & $-0.246036$ \\
eHgagaint & $0.220221$ & $-0.156304$ & $-0.0537917$ & $0.161627$ & $-0.0220467$ & $0.0164858$ & $0.0276335$ & $0.0793812$ & $0.104184$ & $-0.0259146$ & $-0.0890738$ & $-0.0171982$ & $-0.068776$ & $0.0222257$ & $0.028472$ & $0.0548993$ & $-0.0372324$ & $-0.0479468$ & $-0.0384399$ & $0.0865662$ & $0.0481808$ & $0.0701864$ & $-0.0724381$ & $-0.0247207$ & $-0.0427705$ & $0.00614377$ & $0.00595358$ & $0.0510293$ & $-0.013998$ & $-0.00193328$ & $-0.0321462$ & $0.0264504$ & $-0.0569217$ & $0.0021927$ & $0.0614599$ & $0.112582$ & $-0.346283$ & $0.00153297$ & $0.298279$ & $-0.0716134$ & $-0.0423555$ & $0.0586188$ & $1$ & $0.205937$ & $0.12171$ & $-0.0192717$ & $-0.0783999$ & $0.092014$ & $-0.356553$ \\
eHmumuint & $0.13601$ & $-0.310484$ & $0.120399$ & $0.0313724$ & $-0.138818$ & $-0.0439426$ & $-0.170913$ & $0.21514$ & $0.215478$ & $-0.167248$ & $-0.15509$ & $0.0639371$ & $0.221191$ & $-0.139562$ & $-0.0938117$ & $-0.134298$ & $-0.181738$ & $-0.0839797$ & $-0.0793113$ & $0.160785$ & $0.160493$ & $0.151544$ & $0.0867967$ & $-0.203296$ & $-0.0663838$ & $-0.038292$ & $0.318969$ & $0.0720328$ & $0.0440737$ & $0.0715673$ & $-0.021212$ & $-0.161925$ & $0.0558108$ & $0.190186$ & $-0.0195954$ & $0.146969$ & $-0.125267$ & $0.184472$ & $0.297349$ & $0.0845576$ & $-0.04136$ & $-0.0282825$ & $0.205937$ & $1$ & $-0.276669$ & $0.203382$ & $-0.0556927$ & $-0.031453$ & $-0.246986$ \\
eHtautauint & $-0.161157$ & $0.429169$ & $0.0366048$ & $0.0312917$ & $0.0609834$ & $0.0361424$ & $0.124417$ & $-0.177184$ & $-0.168246$ & $0.121862$ & $0.13797$ & $-0.0358043$ & $-0.19949$ & $0.108157$ & $0.161124$ & $0.216396$ & $0.116777$ & $-0.00933225$ & $-0.0282638$ & $-0.141378$ & $-0.148865$ & $-0.164208$ & $-0.0693018$ & $0.173075$ & $-0.0522389$ & $-0.058056$ & $-0.451801$ & $-0.0412917$ & $-0.0321258$ & $0.0204317$ & $0.00962828$ & $0.129214$ & $-0.0218327$ & $-0.20212$ & $0.104294$ & $-0.341831$ & $-0.449602$ & $-0.110078$ & $0.156012$ & $-0.0409873$ & $-0.154769$ & $0.0694663$ & $0.12171$ & $-0.276669$ & $1$ & $-0.00757174$ & $0.0136332$ & $0.0750629$ & $-0.0225344$ \\
eHccint & $0.0190102$ & $0.0262631$ & $0.0391115$ & $0.137631$ & $-0.0655511$ & $0.0265376$ & $-0.0808345$ & $-0.0283571$ & $-0.0310592$ & $-0.0208538$ & $0.0454495$ & $0.0526102$ & $0.101493$ & $-0.0426171$ & $0.00454378$ & $-0.0179859$ & $-0.0377657$ & $-0.00924219$ & $-0.0100872$ & $-0.0319998$ & $-0.0440303$ & $-0.0312933$ & $-0.00382443$ & $-0.0140041$ & $-0.00283928$ & $0.058754$ & $0.0409824$ & $0.0227876$ & $-0.00413334$ & $0.0249473$ & $0.061889$ & $-0.0751817$ & $0.0889012$ & $-0.0175905$ & $-0.0759186$ & $-0.0161081$ & $0.226744$ & $-0.187135$ & $-0.113426$ & $0.0597138$ & $0.247218$ & $-0.146504$ & $-0.0192717$ & $0.203382$ & $-0.00757174$ & $1$ & $0.176498$ & $0.262532$ & $0.185518$ \\
eHccpar & $0.0564889$ & $0.301185$ & $0.239634$ & $-0.052473$ & $-0.0648382$ & $-0.0130657$ & $-0.0725706$ & $-0.0268732$ & $-0.0289026$ & $0.0224813$ & $0.0336969$ & $0.151198$ & $0.14111$ & $-0.041986$ & $-0.0301818$ & $-0.0692419$ & $0.00469123$ & $0.0306796$ & $0.0445414$ & $-0.0159456$ & $-0.0269688$ & $-0.00365815$ & $0.0136895$ & $-0.0295072$ & $0.0510027$ & $-0.014641$ & $0.0738203$ & $-0.0449638$ & $-0.00553981$ & $0.0521394$ & $0.212772$ & $-0.0580177$ & $0.106204$ & $0.046357$ & $-0.0932507$ & $0.172427$ & $0.291221$ & $0.141935$ & $-0.180566$ & $-0.0652652$ & $0.12556$ & $-0.121871$ & $-0.0783999$ & $-0.0556927$ & $0.0136332$ & $0.176498$ & $1$ & $0.143533$ & $0.278958$ \\
eHbbint & $0.238722$ & $0.196332$ & $0.00400268$ & $0.411259$ & $0.0606208$ & $0.0404081$ & $0.0197516$ & $-0.210091$ & $-0.204494$ & $0.123631$ & $0.172599$ & $-0.0244708$ & $-0.121249$ & $0.0937602$ & $0.177073$ & $0.15547$ & $0.122143$ & $-0.0205223$ & $0.0030317$ & $-0.164554$ & $-0.18413$ & $-0.198385$ & $-0.00434309$ & $0.190066$ & $-0.0332172$ & $-0.0955846$ & $-0.417164$ & $-0.0465387$ & $-0.0461018$ & $-0.0410954$ & $0.00859584$ & $-0.012663$ & $0.0584153$ & $-0.268794$ & $-0.0843533$ & $-0.565024$ & $0.0779169$ & $-0.0678183$ & $-0.216967$ & $0.1483$ & $-0.0297079$ & $-0.359594$ & $0.092014$ & $-0.031453$ & $0.0750629$ & $0.262532$ & $0.143533$ & $1$ & $0.260145$ \\
eHbbpar & $-0.13861$ & $0.137689$ & $-0.291695$ & $0.290621$ & $0.0640646$ & $0.0039548$ & $-0.0398924$ & $-0.195757$ & $-0.203615$ & $0.110427$ & $0.175697$ & $0.0633339$ & $0.0106327$ & $0.0391492$ & $0.0114739$ & $-0.023294$ & $0.118989$ & $0.0872827$ & $0.104304$ & $-0.16573$ & $-0.139121$ & $-0.141756$ & $0.00011998$ & $0.166697$ & $0.0999666$ & $0.0568742$ & $-0.0810562$ & $-0.0776299$ & $-0.0159884$ & $-0.0300679$ & $0.0408401$ & $-0.0552627$ & $0.15925$ & $-0.128375$ & $-0.0852696$ & $-0.218008$ & $0.319862$ & $-0.108023$ & $-0.414665$ & $0.0295803$ & $0.098535$ & $-0.246036$ & $-0.356553$ & $-0.246986$ & $-0.0225344$ & $0.185518$ & $0.278958$ & $0.260145$ & $1$ \\
