 & AlsMz & dAle5Mz & mtop & mHl & Mz & CW & CHG & CHWB & CHWHB_gaga & CHWHB_gagaorth & CHD & CHbox & CH & CHL1_11 & CHL1_22 & CHL1_33 & CHL3_11 & CHL3_22 & CHL3_33 & CHe_11 & CHe_22 & CHe_33 & CHQ1_11 & CHQ1_33 & CHQ3_11 & CHu_11 & CHd_11 & CHd_33 & CeH_22r & CeH_33r & CuH_22r & CuH_33r & CdH_33r & CLL_1221 & eHggint & eHggpar & eHWWint & eHWWpar & eHZZint & eHZZpar & eHZgaint & eHZgapar & eHgagaint & eHmumuint & eHtautauint & eHccint & eHccpar & eHbbint & eHbbpar \\
AlsMz & $1$ & $-0.0295511$ & $-0.0804196$ & $0.078954$ & $-0.0042749$ & $-0.0742128$ & $0.0703842$ & $-0.0595202$ & $-0.0408097$ & $0.0677262$ & $0.020004$ & $0.0663915$ & $-0.0119553$ & $-0.00664596$ & $0.00648796$ & $0.0350469$ & $0.0906672$ & $0.0538047$ & $0.0243733$ & $-0.0197278$ & $-0.0375344$ & $-0.0326865$ & $-0.0171797$ & $0.0114872$ & $-0.0313691$ & $-0.00367447$ & $-0.0236676$ & $-0.0140479$ & $0.0222672$ & $-0.0165109$ & $-0.0386123$ & $0.0381971$ & $-0.0427022$ & $-0.034848$ & $0.0265334$ & $0.0910515$ & $-0.0268058$ & $-0.00681687$ & $0.0508179$ & $-0.00473396$ & $0.0682825$ & $-0.0867956$ & $0.0473587$ & $-0.0916654$ & $0.0697215$ & $-0.055565$ & $-0.053972$ & $0.000905956$ & $-0.075567$ \\
dAle5Mz & $-0.0295511$ & $1$ & $0.0429257$ & $-0.0408751$ & $0.0209959$ & $0.00401462$ & $0.0589678$ & $-0.100905$ & $-0.0886569$ & $0.0277723$ & $0.0778218$ & $0.0281807$ & $-0.029577$ & $-0.0232961$ & $-0.0687624$ & $-0.0118492$ & $0.0157647$ & $0.0605074$ & $0.0240844$ & $-0.0485715$ & $-0.0519148$ & $-0.0303802$ & $-0.109479$ & $0.0197163$ & $0.0234933$ & $0.125586$ & $-0.010089$ & $-0.0153906$ & $-0.0625969$ & $-0.0178477$ & $0.069807$ & $0.0671185$ & $0.00406918$ & $0.050862$ & $0.00246548$ & $-0.0592413$ & $-0.105318$ & $-0.0176228$ & $0.0258388$ & $0.0146953$ & $-0.0995051$ & $-0.0261584$ & $0.0031201$ & $-0.0801277$ & $0.00835228$ & $-0.0826866$ & $0.0991389$ & $0.0545851$ & $0.00434361$ \\
mtop & $-0.0804196$ & $0.0429257$ & $1$ & $-0.0166013$ & $0.0282503$ & $0.0681426$ & $-0.0520797$ & $-0.000492228$ & $-0.00800642$ & $-0.0478068$ & $0.0140084$ & $-0.0643286$ & $0.0380148$ & $-0.0149244$ & $0.0250272$ & $0.00840549$ & $-0.0204354$ & $-0.0306038$ & $-0.00356068$ & $-0.000816883$ & $0.000759236$ & $-0.00209428$ & $-0.140218$ & $0.00565098$ & $-0.0297574$ & $0.0624622$ & $-0.0572061$ & $0.0477697$ & $-0.106641$ & $0.0264362$ & $0.0522343$ & $-0.0282678$ & $0.0119178$ & $-0.0224937$ & $0.11487$ & $-0.0778272$ & $0.0401253$ & $-0.000161821$ & $0.0278953$ & $-0.0702585$ & $-0.0846292$ & $-0.0430662$ & $-0.00727648$ & $0.0385523$ & $-0.0836066$ & $0.0487475$ & $0.0334385$ & $-0.00249659$ & $-0.0529503$ \\
mHl & $0.078954$ & $-0.0408751$ & $-0.0166013$ & $1$ & $-0.0254614$ & $-0.00409618$ & $0.00202154$ & $-0.00953176$ & $-0.000376311$ & $-0.0364035$ & $0.0219241$ & $-0.0181518$ & $-0.017062$ & $-0.0582877$ & $-0.0480062$ & $-0.0121583$ & $0.0057491$ & $0.00153278$ & $-0.0427195$ & $-0.0367958$ & $-0.0174508$ & $-0.0489481$ & $0.0885581$ & $-0.0191639$ & $0.0264171$ & $-0.0272243$ & $0.0836563$ & $-0.0240917$ & $-0.0484652$ & $0.0320217$ & $-0.0370186$ & $-0.0159255$ & $0.0374315$ & $0.0414584$ & $-0.0751698$ & $0.0690604$ & $-0.0053531$ & $0.0207555$ & $-0.0135147$ & $0.0245399$ & $0.0402638$ & $-0.0334963$ & $0.133976$ & $-0.00897809$ & $0.0465951$ & $0.00487052$ & $0.0179193$ & $0.00978883$ & $0.0519178$ \\
Mz & $-0.0042749$ & $0.0209959$ & $0.0282503$ & $-0.0254614$ & $1$ & $-0.0229687$ & $0.0124179$ & $-0.0612267$ & $-0.0703521$ & $0.0625578$ & $0.0360739$ & $0.0510298$ & $-0.0420931$ & $0.0317143$ & $-0.00218988$ & $-0.00754785$ & $0.0698743$ & $0.0675882$ & $0.0643257$ & $-0.0207298$ & $-0.0332751$ & $-0.0383376$ & $-0.0222726$ & $0.0693487$ & $0.0770066$ & $0.0204449$ & $-0.0238928$ & $-0.0351108$ & $-0.0115114$ & $-0.0248972$ & $-0.0114569$ & $0.00592236$ & $-0.0416411$ & $-0.0388694$ & $0.116411$ & $-0.0230531$ & $-0.0440145$ & $0.0114059$ & $0.125869$ & $-0.0389968$ & $-0.00729585$ & $0.0292425$ & $-0.0200935$ & $0.0011174$ & $-0.0104274$ & $-0.0129561$ & $0.0348206$ & $-0.0556009$ & $-0.0173086$ \\
CW & $-0.0742128$ & $0.00401462$ & $0.0681426$ & $-0.00409618$ & $-0.0229687$ & $1$ & $0.0641944$ & $-0.163454$ & $-0.172739$ & $0.0593465$ & $0.24015$ & $0.0784418$ & $0.0118906$ & $-0.0585811$ & $-0.0962126$ & $-0.0304139$ & $-0.312155$ & $-0.0720412$ & $-0.122528$ & $-0.232522$ & $-0.246707$ & $-0.229031$ & $0.0540285$ & $0.000192641$ & $-0.0840818$ & $0.104432$ & $-0.0590911$ & $-0.050557$ & $0.0712082$ & $-0.0573814$ & $-0.00408375$ & $0.0691586$ & $-0.0293838$ & $-0.114854$ & $0.00287895$ & $0.01679$ & $0.00938553$ & $-0.0197863$ & $0.0182498$ & $0.0872888$ & $-0.00776415$ & $-0.0112861$ & $-0.0287735$ & $-0.0299645$ & $-0.0898512$ & $0.0158853$ & $0.0364096$ & $0.00464767$ & $-0.0203992$ \\
CHG & $0.0703842$ & $0.0589678$ & $-0.0520797$ & $0.00202154$ & $0.0124179$ & $0.0641944$ & $1$ & $0.00700728$ & $0.0671471$ & $0.00633557$ & $0.00535501$ & $0.0433152$ & $-0.0982299$ & $-0.0109291$ & $-0.0118796$ & $0.00295092$ & $-0.0214754$ & $-0.0137221$ & $-0.0262197$ & $-0.0036573$ & $0.00602105$ & $0.0104339$ & $-0.042846$ & $-0.0208811$ & $-0.0396602$ & $0.0378419$ & $-0.0037196$ & $0.00890904$ & $0.0356766$ & $-0.0860096$ & $-0.0323242$ & $0.921277$ & $-0.0857429$ & $0.0216265$ & $-0.0447843$ & $-0.0265306$ & $-0.0202331$ & $0.0738719$ & $0.0579463$ & $-0.0181913$ & $-0.0421924$ & $0.0820995$ & $0.028179$ & $-0.0536734$ & $-0.00350835$ & $0.0316465$ & $-0.0265024$ & $-0.0287637$ & $0.00990329$ \\
CHWB & $-0.0595202$ & $-0.100905$ & $-0.000492228$ & $-0.00953176$ & $-0.0612267$ & $-0.163454$ & $0.00700728$ & $1$ & $0.978932$ & $-0.57903$ & $-0.889705$ & $-0.301103$ & $0.0714621$ & $0.162174$ & $0.281529$ & $0.321086$ & $-0.160804$ & $-0.367202$ & $-0.390628$ & $0.863658$ & $0.90239$ & $0.886392$ & $0.0354635$ & $-0.647908$ & $-0.35244$ & $-0.501658$ & $0.403463$ & $0.294797$ & $0.033543$ & $0.0637323$ & $0.0627643$ & $-0.0188983$ & $-0.0209035$ & $0.519033$ & $0.030574$ & $-0.0923004$ & $0.0792571$ & $0.0789586$ & $0.0245277$ & $-0.0555049$ & $0.0507463$ & $-0.00286653$ & $-0.0233768$ & $0.0076332$ & $0.00984449$ & $0.0928603$ & $0.0313759$ & $-0.023918$ & $-0.0282162$ \\
CHWHB_gaga & $-0.0408097$ & $-0.0886569$ & $-0.00800642$ & $-0.000376311$ & $-0.0703521$ & $-0.172739$ & $0.0671471$ & $0.978932$ & $1$ & $-0.553617$ & $-0.88045$ & $-0.266766$ & $0.0602704$ & $0.17658$ & $0.265048$ & $0.306242$ & $-0.133575$ & $-0.334815$ & $-0.363675$ & $0.853968$ & $0.894049$ & $0.875892$ & $0.0378013$ & $-0.631446$ & $-0.322522$ & $-0.491422$ & $0.408458$ & $0.283292$ & $0.0381108$ & $0.113146$ & $0.0834047$ & $0.0373564$ & $0.0217266$ & $0.519447$ & $0.00928632$ & $-0.0962889$ & $0.0604226$ & $0.0747131$ & $0.0227296$ & $-0.0494311$ & $0.0452521$ & $-0.0150616$ & $0.0724486$ & $0.000894747$ & $0.00853244$ & $0.0880328$ & $0.0333766$ & $-0.0219071$ & $-0.0274365$ \\
CHWHB_gagaorth & $0.0677262$ & $0.0277723$ & $-0.0478068$ & $-0.0364035$ & $0.0625578$ & $0.0593465$ & $0.00633557$ & $-0.57903$ & $-0.553617$ & $1$ & $0.356845$ & $0.627032$ & $-0.0640781$ & $0.209729$ & $-0.0771411$ & $-0.145671$ & $0.431682$ & $0.448872$ & $0.500725$ & $-0.33953$ & $-0.377444$ & $-0.378646$ & $-0.00187448$ & $0.575052$ & $0.474622$ & $0.169826$ & $-0.248073$ & $-0.165206$ & $0.00774584$ & $0.00118396$ & $-0.0411981$ & $0.0583922$ & $0.0537127$ & $-0.365894$ & $-0.0231082$ & $0.0742051$ & $-0.169258$ & $0.0257446$ & $-0.0843552$ & $0.0341583$ & $-0.0822538$ & $0.0535844$ & $0.0241155$ & $-0.018436$ & $0.0804607$ & $-0.093169$ & $0.0155449$ & $0.0121444$ & $0.0352723$ \\
CHD & $0.020004$ & $0.0778218$ & $0.0140084$ & $0.0219241$ & $0.0360739$ & $0.24015$ & $0.00535501$ & $-0.889705$ & $-0.88045$ & $0.356845$ & $1$ & $0.270073$ & $-0.0424393$ & $-0.549485$ & $-0.399047$ & $-0.414644$ & $-0.271651$ & $0.0384445$ & $0.0333881$ & $-0.990908$ & $-0.990415$ & $-0.967061$ & $0.00555525$ & $0.303819$ & $-0.00554338$ & $0.557378$ & $-0.280422$ & $-0.31029$ & $-0.0121852$ & $-0.0894201$ & $-0.097777$ & $0.0323957$ & $-0.0273893$ & $-0.341321$ & $-0.0371962$ & $0.108513$ & $-0.0459332$ & $-0.107754$ & $0.0132687$ & $0.0549644$ & $-0.0144878$ & $-0.00984838$ & $0.0160477$ & $-0.0112465$ & $0.00898799$ & $-0.0574171$ & $-0.0808035$ & $0.00181548$ & $0.0304431$ \\
CHbox & $0.0663915$ & $0.0281807$ & $-0.0643286$ & $-0.0181518$ & $0.0510298$ & $0.0784418$ & $0.0433152$ & $-0.301103$ & $-0.266766$ & $0.627032$ & $0.270073$ & $1$ & $-0.441168$ & $-0.0914906$ & $0.00322275$ & $-0.0446048$ & $0.0339965$ & $0.0374662$ & $0.075869$ & $-0.246884$ & $-0.28878$ & $-0.28531$ & $-0.0116072$ & $0.197791$ & $0.0540511$ & $0.145494$ & $-0.185495$ & $-0.170125$ & $-0.0012723$ & $0.140717$ & $-0.0524605$ & $0.133089$ & $0.20512$ & $-0.232419$ & $0.0528058$ & $0.108882$ & $-0.135913$ & $-0.00871634$ & $-0.0535306$ & $0.0689318$ & $-0.00763785$ & $0.0407043$ & $0.0349379$ & $-0.0223226$ & $0.0353793$ & $-0.071575$ & $-0.0312323$ & $-0.000270692$ & $0.051866$ \\
CH & $-0.0119553$ & $-0.029577$ & $0.0380148$ & $-0.017062$ & $-0.0420931$ & $0.0118906$ & $-0.0982299$ & $0.0714621$ & $0.0602704$ & $-0.0640781$ & $-0.0424393$ & $-0.441168$ & $1$ & $-0.0284923$ & $0.014762$ & $0.0298407$ & $-0.058349$ & $-0.0614678$ & $-0.0720106$ & $0.0393335$ & $0.0423674$ & $0.0442675$ & $0.0143856$ & $-0.053658$ & $-0.0692373$ & $-0.0387627$ & $0.0203398$ & $0.0326801$ & $0.0358356$ & $0.0665028$ & $0.0528164$ & $-0.0794127$ & $0.0635089$ & $0.0387268$ & $0.0133898$ & $-0.0264358$ & $0.0248104$ & $-0.00441968$ & $-0.00351545$ & $-0.0227771$ & $-0.00468948$ & $-0.0112506$ & $-0.0221331$ & $0.0103336$ & $0.00450156$ & $0.0343666$ & $0.0216014$ & $-0.00596584$ & $-0.018882$ \\
CHL1_11 & $-0.00664596$ & $-0.0232961$ & $-0.0149244$ & $-0.0582877$ & $0.0317143$ & $-0.0585811$ & $-0.0109291$ & $0.162174$ & $0.17658$ & $0.209729$ & $-0.549485$ & $-0.0914906$ & $-0.0284923$ & $1$ & $0.282803$ & $0.254748$ & $0.660189$ & $0.550333$ & $0.58886$ & $0.565217$ & $0.514273$ & $0.492117$ & $-0.0578535$ & $0.429049$ & $0.586411$ & $-0.287224$ & $-0.0711027$ & $0.143804$ & $-0.0230289$ & $0.0537272$ & $0.0898009$ & $-0.041985$ & $0.062095$ & $-0.175749$ & $-0.0208642$ & $-0.0726834$ & $-0.0224439$ & $0.0735695$ & $-0.0572793$ & $-0.00189172$ & $-0.0567115$ & $0.0136658$ & $-0.00238271$ & $0.0329606$ & $-0.055836$ & $-0.0547584$ & $0.114076$ & $0.0296919$ & $-0.0513661$ \\
CHL1_22 & $0.00648796$ & $-0.0687624$ & $0.0250272$ & $-0.0480062$ & $-0.00218988$ & $-0.0962126$ & $-0.0118796$ & $0.281529$ & $0.265048$ & $-0.0771411$ & $-0.399047$ & $0.00322275$ & $0.014762$ & $0.282803$ & $1$ & $0.429074$ & $0.165449$ & $-0.50594$ & $0.00895501$ & $0.457008$ & $0.310863$ & $0.307117$ & $-0.193102$ & $0.125757$ & $-0.149404$ & $-0.179977$ & $-0.447661$ & $0.0820262$ & $-0.042292$ & $-0.041235$ & $-0.0825646$ & $-0.0315026$ & $-0.00562286$ & $-0.64848$ & $0.106998$ & $0.0205505$ & $0.079315$ & $0.0287569$ & $0.0128565$ & $-0.0501104$ & $0.0123765$ & $-0.017569$ & $-0.0323862$ & $0.0710135$ & $-0.0390077$ & $0.0259451$ & $-0.0397312$ & $0.004063$ & $0.0717299$ \\
CHL1_33 & $0.0350469$ & $-0.0118492$ & $0.00840549$ & $-0.0121583$ & $-0.00754785$ & $-0.0304139$ & $0.00295092$ & $0.321086$ & $0.306242$ & $-0.145671$ & $-0.414644$ & $-0.0446048$ & $0.0298407$ & $0.254748$ & $0.429074$ & $1$ & $0.117358$ & $-0.0776856$ & $-0.453937$ & $0.47527$ & $0.335318$ & $0.355735$ & $-0.252972$ & $0.0826964$ & $-0.181188$ & $-0.119985$ & $-0.382498$ & $0.133325$ & $-0.0210722$ & $-0.0283482$ & $0.0111962$ & $-0.0119801$ & $-0.00113457$ & $-0.101798$ & $-0.0153251$ & $0.0160954$ & $0.101122$ & $0.0298129$ & $-0.00849948$ & $-0.0338428$ & $0.0278167$ & $-0.0516542$ & $-0.0538864$ & $0.0306423$ & $0.0137381$ & $0.0762239$ & $0.0532778$ & $-0.0199342$ & $0.0323326$ \\
CHL3_11 & $0.0906672$ & $0.0157647$ & $-0.0204354$ & $0.0057491$ & $0.0698743$ & $-0.312155$ & $-0.0214754$ & $-0.160804$ & $-0.133575$ & $0.431682$ & $-0.271651$ & $0.0339965$ & $-0.058349$ & $0.660189$ & $0.165449$ & $0.117358$ & $1$ & $0.692342$ & $0.741763$ & $0.288582$ & $0.24843$ & $0.227047$ & $-0.0405072$ & $0.617759$ & $0.762627$ & $-0.165113$ & $-0.110923$ & $0.0660926$ & $-0.0311999$ & $0.0951543$ & $0.0929238$ & $-0.0145303$ & $0.127553$ & $-0.183955$ & $0.0277431$ & $-0.0551024$ & $-0.0678573$ & $0.0677927$ & $-0.0904818$ & $-0.0225903$ & $-0.0875023$ & $0.050067$ & $0.0463928$ & $-0.0252621$ & $-0.0127683$ & $-0.0431279$ & $0.100147$ & $0.0368718$ & $0.0219301$ \\
CHL3_22 & $0.0538047$ & $0.0605074$ & $-0.0306038$ & $0.00153278$ & $0.0675882$ & $-0.0720412$ & $-0.0137221$ & $-0.367202$ & $-0.334815$ & $0.448872$ & $0.0384445$ & $0.0374662$ & $-0.0614678$ & $0.550333$ & $-0.50594$ & $-0.0776856$ & $0.692342$ & $1$ & $0.629988$ & $-0.0450842$ & $-0.0171809$ & $-0.0282916$ & $0.0539028$ & $0.53942$ & $0.775348$ & $0.00644238$ & $0.0994319$ & $-0.0176551$ & $-0.00525899$ & $0.0773276$ & $0.137397$ & $-0.00422738$ & $0.0912615$ & $0.173248$ & $-0.0723803$ & $-0.0565684$ & $-0.102823$ & $0.0365535$ & $-0.082208$ & $0.0304463$ & $-0.0803395$ & $0.0401652$ & $0.0320922$ & $-0.0432048$ & $-0.00742908$ & $-0.075579$ & $0.131629$ & $0.0275975$ & $-0.0592231$ \\
CHL3_33 & $0.0243733$ & $0.0240844$ & $-0.00356068$ & $-0.0427195$ & $0.0643257$ & $-0.122528$ & $-0.0262197$ & $-0.390628$ & $-0.363675$ & $0.500725$ & $0.0333881$ & $0.075869$ & $-0.0720106$ & $0.58886$ & $0.00895501$ & $-0.453937$ & $0.741763$ & $0.629988$ & $1$ & $-0.0364513$ & $-0.0243967$ & $-0.0281553$ & $0.0756367$ & $0.591993$ & $0.797351$ & $-0.0389139$ & $0.0108952$ & $-0.0359849$ & $-0.0246539$ & $0.0466739$ & $0.0486444$ & $-0.0244283$ & $0.0805524$ & $-0.310283$ & $0.0561007$ & $-0.0536916$ & $-0.109899$ & $0.0410262$ & $-0.0734545$ & $0.00998303$ & $-0.10151$ & $0.0648085$ & $0.0384026$ & $-0.0136765$ & $-0.0570342$ & $-0.088591$ & $0.0623469$ & $0.048923$ & $-0.00815353$ \\
CHe_11 & $-0.0197278$ & $-0.0485715$ & $-0.000816883$ & $-0.0367958$ & $-0.0207298$ & $-0.232522$ & $-0.0036573$ & $0.863658$ & $0.853968$ & $-0.33953$ & $-0.990908$ & $-0.246884$ & $0.0393335$ & $0.565217$ & $0.457008$ & $0.47527$ & $0.288582$ & $-0.0450842$ & $-0.0364513$ & $1$ & $0.973762$ & $0.952439$ & $-0.0425289$ & $-0.252896$ & $0.00484611$ & $-0.53729$ & $0.20744$ & $0.299188$ & $0.00135386$ & $0.0766459$ & $0.103721$ & $-0.0274085$ & $0.0212381$ & $0.271607$ & $0.0452071$ & $-0.106793$ & $0.0466597$ & $0.109932$ & $-0.0122492$ & $-0.0500473$ & $0.00848782$ & $0.0120244$ & $-0.0254718$ & $0.013742$ & $-0.0108927$ & $0.0568074$ & $0.0871268$ & $-0.00888243$ & $-0.0269411$ \\
CHe_22 & $-0.0375344$ & $-0.0519148$ & $0.000759236$ & $-0.0174508$ & $-0.0332751$ & $-0.246707$ & $0.00602105$ & $0.90239$ & $0.894049$ & $-0.377444$ & $-0.990415$ & $-0.28878$ & $0.0423674$ & $0.514273$ & $0.310863$ & $0.335318$ & $0.24843$ & $-0.0171809$ & $-0.0243967$ & $0.973762$ & $1$ & $0.971426$ & $0.0182597$ & $-0.354675$ & $0.00900825$ & $-0.558154$ & $0.360198$ & $0.319446$ & $0.0166386$ & $0.0966186$ & $0.111347$ & $-0.0198039$ & $0.0322954$ & $0.42971$ & $0.0284345$ & $-0.128338$ & $0.0315692$ & $0.108121$ & $-0.0117776$ & $-0.0560459$ & $0.00319538$ & $0.0147399$ & $-0.00970503$ & $0.00573592$ & $-0.0105279$ & $0.0560897$ & $0.0848688$ & $-0.00102801$ & $-0.0342851$ \\
CHe_33 & $-0.0326865$ & $-0.0303802$ & $-0.00209428$ & $-0.0489481$ & $-0.0383376$ & $-0.229031$ & $0.0104339$ & $0.886392$ & $0.875892$ & $-0.378646$ & $-0.967061$ & $-0.28531$ & $0.0442675$ & $0.492117$ & $0.307117$ & $0.355735$ & $0.227047$ & $-0.0282916$ & $-0.0281553$ & $0.952439$ & $0.971426$ & $1$ & $0.0122385$ & $-0.358425$ & $0.0053009$ & $-0.538844$ & $0.360704$ & $0.325568$ & $0.0153027$ & $0.0758105$ & $0.102707$ & $-0.0201283$ & $0.0142811$ & $0.422717$ & $0.0506218$ & $-0.126203$ & $0.0397733$ & $0.105634$ & $-0.0102232$ & $-0.0574069$ & $0.00817509$ & $0.0155984$ & $-0.0406198$ & $-0.0101566$ & $-0.012175$ & $0.0739531$ & $0.0871308$ & $-0.00629604$ & $-0.0244103$ \\
CHQ1_11 & $-0.0171797$ & $-0.109479$ & $-0.140218$ & $0.0885581$ & $-0.0222726$ & $0.0540285$ & $-0.042846$ & $0.0354635$ & $0.0378013$ & $-0.00187448$ & $0.00555525$ & $-0.0116072$ & $0.0143856$ & $-0.0578535$ & $-0.193102$ & $-0.252972$ & $-0.0405072$ & $0.0539028$ & $0.0756367$ & $-0.0425289$ & $0.0182597$ & $0.0122385$ & $1$ & $-0.0870197$ & $0.128427$ & $-0.693291$ & $0.373484$ & $0.00773273$ & $0.0856572$ & $0.0198742$ & $-0.0701451$ & $-0.0857557$ & $-0.0574209$ & $0.187032$ & $0.0353166$ & $-0.0870034$ & $-0.0120562$ & $-0.030353$ & $-0.0418177$ & $0.0266075$ & $0.0482664$ & $0.0468603$ & $0.043634$ & $-0.0453211$ & $0.0514692$ & $-0.0794195$ & $-0.0162393$ & $0.0172447$ & $-0.0939365$ \\
CHQ1_33 & $0.0114872$ & $0.0197163$ & $0.00565098$ & $-0.0191639$ & $0.0693487$ & $0.000192641$ & $-0.0208811$ & $-0.647908$ & $-0.631446$ & $0.575052$ & $0.303819$ & $0.197791$ & $-0.053658$ & $0.429049$ & $0.125757$ & $0.0826964$ & $0.617759$ & $0.53942$ & $0.591993$ & $-0.252896$ & $-0.354675$ & $-0.358425$ & $-0.0870197$ & $1$ & $0.585263$ & $0.169714$ & $-0.426033$ & $-0.0467909$ & $-0.0251998$ & $-0.0196097$ & $-0.00692907$ & $0.000104572$ & $0.0704575$ & $-0.601677$ & $0.0114163$ & $0.0204925$ & $-0.0283155$ & $-0.000725268$ & $-0.0259808$ & $0.0381383$ & $-0.0735007$ & $0.0259041$ & $-0.0158178$ & $0.00962296$ & $-0.052627$ & $-0.0833333$ & $0.0446343$ & $0.0213269$ & $0.0101286$ \\
CHQ3_11 & $-0.0313691$ & $0.0234933$ & $-0.0297574$ & $0.0264171$ & $0.0770066$ & $-0.0840818$ & $-0.0396602$ & $-0.35244$ & $-0.322522$ & $0.474622$ & $-0.00554338$ & $0.0540511$ & $-0.0692373$ & $0.586411$ & $-0.149404$ & $-0.181188$ & $0.762627$ & $0.775348$ & $0.797351$ & $0.00484611$ & $0.00900825$ & $0.0053009$ & $0.128427$ & $0.585263$ & $1$ & $-0.0354916$ & $0.254096$ & $-0.00204878$ & $-0.0395113$ & $0.0531093$ & $0.045557$ & $-0.0425844$ & $0.0597921$ & $-0.12021$ & $-0.00711624$ & $-0.0391525$ & $-0.0617595$ & $-0.00296682$ & $-0.110148$ & $0.0490278$ & $-0.0790133$ & $0.0542363$ & $0.0602006$ & $-0.00703775$ & $0.0380251$ & $-0.0862492$ & $0.0987623$ & $0.0697996$ & $-0.0233635$ \\
CHu_11 & $-0.00367447$ & $0.125586$ & $0.0624622$ & $-0.0272243$ & $0.0204449$ & $0.104432$ & $0.0378419$ & $-0.501658$ & $-0.491422$ & $0.169826$ & $0.557378$ & $0.145494$ & $-0.0387627$ & $-0.287224$ & $-0.179977$ & $-0.119985$ & $-0.165113$ & $0.00644238$ & $-0.0389139$ & $-0.53729$ & $-0.558154$ & $-0.538844$ & $-0.693291$ & $0.169714$ & $-0.0354916$ & $1$ & $-0.22072$ & $-0.176582$ & $-0.0677987$ & $-0.0435221$ & $0.00477954$ & $0.0775259$ & $0.0197305$ & $-0.232267$ & $-0.0598705$ & $0.13773$ & $-0.00873836$ & $-0.0506587$ & $0.0197794$ & $0.017981$ & $-0.00742029$ & $-0.0417425$ & $0.0214114$ & $0.0022246$ & $0.008575$ & $-0.00878696$ & $0.00353637$ & $-0.00540874$ & $0.0626895$ \\
CHd_11 & $-0.0236676$ & $-0.010089$ & $-0.0572061$ & $0.0836563$ & $-0.0238928$ & $-0.0590911$ & $-0.0037196$ & $0.403463$ & $0.408458$ & $-0.248073$ & $-0.280422$ & $-0.185495$ & $0.0203398$ & $-0.0711027$ & $-0.447661$ & $-0.382498$ & $-0.110923$ & $0.0994319$ & $0.0108952$ & $0.20744$ & $0.360198$ & $0.360704$ & $0.373484$ & $-0.426033$ & $0.254096$ & $-0.22072$ & $1$ & $0.110991$ & $0.038199$ & $0.0670337$ & $0.0369155$ & $-0.0226372$ & $-0.0441756$ & $0.705412$ & $0.00016313$ & $-0.0744994$ & $0.0179335$ & $-0.010171$ & $-0.0201304$ & $0.0391521$ & $0.0366621$ & $0.0304801$ & $0.0645688$ & $-0.0611924$ & $0.101628$ & $-0.00690084$ & $0.0515089$ & $0.0226076$ & $-0.0789951$ \\
CHd_33 & $-0.0140479$ & $-0.0153906$ & $0.0477697$ & $-0.0240917$ & $-0.0351108$ & $-0.050557$ & $0.00890904$ & $0.294797$ & $0.283292$ & $-0.165206$ & $-0.31029$ & $-0.170125$ & $0.0326801$ & $0.143804$ & $0.0820262$ & $0.133325$ & $0.0660926$ & $-0.0176551$ & $-0.0359849$ & $0.299188$ & $0.319446$ & $0.325568$ & $0.00773273$ & $-0.0467909$ & $-0.00204878$ & $-0.176582$ & $0.110991$ & $1$ & $0.0138362$ & $0.0329866$ & $-0.0286345$ & $0.0198588$ & $-0.00321501$ & $0.160405$ & $0.0300749$ & $-0.000454857$ & $-0.00932399$ & $-0.030158$ & $-0.056684$ & $-0.0464448$ & $-0.0982028$ & $0.0235518$ & $-0.0712335$ & $0.0208799$ & $0.0102393$ & $-0.0288955$ & $-0.0530318$ & $0.099672$ & $-0.049848$ \\
CeH_22r & $0.0222672$ & $-0.0625969$ & $-0.106641$ & $-0.0484652$ & $-0.0115114$ & $0.0712082$ & $0.0356766$ & $0.033543$ & $0.0381108$ & $0.00774584$ & $-0.0121852$ & $-0.0012723$ & $0.0358356$ & $-0.0230289$ & $-0.042292$ & $-0.0210722$ & $-0.0311999$ & $-0.00525899$ & $-0.0246539$ & $0.00135386$ & $0.0166386$ & $0.0153027$ & $0.0856572$ & $-0.0251998$ & $-0.0395113$ & $-0.0677987$ & $0.038199$ & $0.0138362$ & $1$ & $0.0105219$ & $0.0541544$ & $0.025841$ & $0.00464404$ & $0.0607632$ & $0.0390983$ & $-0.0579168$ & $0.0888107$ & $0.0364159$ & $0.0123157$ & $-0.045347$ & $-0.0234817$ & $0.105013$ & $-0.0171908$ & $0.0114039$ & $0.0558882$ & $0.0405208$ & $-0.0519253$ & $0.058761$ & $-0.0305817$ \\
CeH_33r & $-0.0165109$ & $-0.0178477$ & $0.0264362$ & $0.0320217$ & $-0.0248972$ & $-0.0573814$ & $-0.0860096$ & $0.0637323$ & $0.113146$ & $0.00118396$ & $-0.0894201$ & $0.140717$ & $0.0665028$ & $0.0537272$ & $-0.041235$ & $-0.0283482$ & $0.0951543$ & $0.0773276$ & $0.0466739$ & $0.0766459$ & $0.0966186$ & $0.0758105$ & $0.0198742$ & $-0.0196097$ & $0.0531093$ & $-0.0435221$ & $0.0670337$ & $0.0329866$ & $0.0105219$ & $1$ & $0.295263$ & $0.06922$ & $0.585947$ & $0.0960656$ & $-0.0442747$ & $-0.0920085$ & $-0.195052$ & $-0.0222891$ & $-0.0584394$ & $0.0237797$ & $-0.00411441$ & $-0.0177152$ & $0.105884$ & $0.00762958$ & $0.0427762$ & $0.0243768$ & $0.102764$ & $-0.0573669$ & $0.000755044$ \\
CuH_22r & $-0.0386123$ & $0.069807$ & $0.0522343$ & $-0.0370186$ & $-0.0114569$ & $-0.00408375$ & $-0.0323242$ & $0.0627643$ & $0.0834047$ & $-0.0411981$ & $-0.097777$ & $-0.0524605$ & $0.0528164$ & $0.0898009$ & $-0.0825646$ & $0.0111962$ & $0.0929238$ & $0.137397$ & $0.0486444$ & $0.103721$ & $0.111347$ & $0.102707$ & $-0.0701451$ & $-0.00692907$ & $0.045557$ & $0.00477954$ & $0.0369155$ & $-0.0286345$ & $0.0541544$ & $0.295263$ & $1$ & $0.0624304$ & $0.312261$ & $0.131471$ & $0.00469353$ & $-0.0851334$ & $-0.0755634$ & $0.0349783$ & $-0.0242783$ & $-0.0300157$ & $-0.0899422$ & $-0.0547819$ & $-0.00534128$ & $0.0396713$ & $0.0144215$ & $0.143974$ & $0.458961$ & $-0.0402709$ & $0.0151793$ \\
CuH_33r & $0.0381971$ & $0.0671185$ & $-0.0282678$ & $-0.0159255$ & $0.00592236$ & $0.0691586$ & $0.921277$ & $-0.0188983$ & $0.0373564$ & $0.0583922$ & $0.0323957$ & $0.133089$ & $-0.0794127$ & $-0.041985$ & $-0.0315026$ & $-0.0119801$ & $-0.0145303$ & $-0.00422738$ & $-0.0244283$ & $-0.0274085$ & $-0.0198039$ & $-0.0201283$ & $-0.0857557$ & $0.000104572$ & $-0.0425844$ & $0.0775259$ & $-0.0226372$ & $0.0198588$ & $0.025841$ & $0.06922$ & $0.0624304$ & $1$ & $0.107899$ & $0.0230264$ & $0.0177653$ & $0.00734709$ & $-0.0734628$ & $0.069024$ & $0.0554263$ & $-0.00334907$ & $-0.051328$ & $0.0621723$ & $0.0572421$ & $-0.0460315$ & $-0.00723276$ & $0.0468618$ & $-0.00494622$ & $-0.0266587$ & $0.0206852$ \\
CdH_33r & $-0.0427022$ & $0.00406918$ & $0.0119178$ & $0.0374315$ & $-0.0416411$ & $-0.0293838$ & $-0.0857429$ & $-0.0209035$ & $0.0217266$ & $0.0537127$ & $-0.0273893$ & $0.20512$ & $0.0635089$ & $0.062095$ & $-0.00562286$ & $-0.00113457$ & $0.127553$ & $0.0912615$ & $0.0805524$ & $0.0212381$ & $0.0322954$ & $0.0142811$ & $-0.0574209$ & $0.0704575$ & $0.0597921$ & $0.0197305$ & $-0.0441756$ & $-0.00321501$ & $0.00464404$ & $0.585947$ & $0.312261$ & $0.107899$ & $1$ & $0.00369101$ & $-0.0771668$ & $-0.111292$ & $-0.232522$ & $-0.0657411$ & $-0.0241031$ & $0.0157693$ & $-0.0715463$ & $-0.07918$ & $0.0738744$ & $0.0390744$ & $-0.0470359$ & $-0.0126824$ & $0.109218$ & $0.125$ & $0.507981$ \\
CLL_1221 & $-0.034848$ & $0.050862$ & $-0.0224937$ & $0.0414584$ & $-0.0388694$ & $-0.114854$ & $0.0216265$ & $0.519033$ & $0.519447$ & $-0.365894$ & $-0.341321$ & $-0.232419$ & $0.0387268$ & $-0.175749$ & $-0.64848$ & $-0.101798$ & $-0.183955$ & $0.173248$ & $-0.310283$ & $0.271607$ & $0.42971$ & $0.422717$ & $0.187032$ & $-0.601677$ & $-0.12021$ & $-0.232267$ & $0.705412$ & $0.160405$ & $0.0607632$ & $0.0960656$ & $0.131471$ & $0.0230264$ & $0.00369101$ & $1$ & $-0.0629827$ & $-0.0997894$ & $-0.00772389$ & $0.0362648$ & $-0.000359931$ & $-0.0128275$ & $0.0130439$ & $0.016191$ & $0.0225413$ & $-0.0764368$ & $0.0515429$ & $0.0560522$ & $0.0684536$ & $-0.0223424$ & $-0.0648412$ \\
eHggint & $0.0265334$ & $0.00246548$ & $0.11487$ & $-0.0751698$ & $0.116411$ & $0.00287895$ & $-0.0447843$ & $0.030574$ & $0.00928632$ & $-0.0231082$ & $-0.0371962$ & $0.0528058$ & $0.0133898$ & $-0.0208642$ & $0.106998$ & $-0.0153251$ & $0.0277431$ & $-0.0723803$ & $0.0561007$ & $0.0452071$ & $0.0284345$ & $0.0506218$ & $0.0353166$ & $0.0114163$ & $-0.00711624$ & $-0.0598705$ & $0.00016313$ & $0.0300749$ & $0.0390983$ & $-0.0442747$ & $0.00469353$ & $0.0177653$ & $-0.0771668$ & $-0.0629827$ & $1$ & $-0.108257$ & $0.0987768$ & $0.00504403$ & $0.00309492$ & $-0.00413434$ & $0.0665601$ & $0.048748$ & $0.00416659$ & $-0.0655967$ & $0.0195157$ & $0.0929085$ & $0.0515212$ & $-0.00434696$ & $-0.0565716$ \\
eHggpar & $0.0910515$ & $-0.0592413$ & $-0.0778272$ & $0.0690604$ & $-0.0230531$ & $0.01679$ & $-0.0265306$ & $-0.0923004$ & $-0.0962889$ & $0.0742051$ & $0.108513$ & $0.108882$ & $-0.0264358$ & $-0.0726834$ & $0.0205505$ & $0.0160954$ & $-0.0551024$ & $-0.0565684$ & $-0.0536916$ & $-0.106793$ & $-0.128338$ & $-0.126203$ & $-0.0870034$ & $0.0204925$ & $-0.0391525$ & $0.13773$ & $-0.0744994$ & $-0.000454857$ & $-0.0579168$ & $-0.0920085$ & $-0.0851334$ & $0.00734709$ & $-0.111292$ & $-0.0997894$ & $-0.108257$ & $1$ & $-0.00851483$ & $-0.0579249$ & $0.0414191$ & $0.0203925$ & $0.0493034$ & $0.0635415$ & $0.0432895$ & $0.0412245$ & $0.0133373$ & $-0.116877$ & $-0.0678056$ & $0.107558$ & $-0.018218$ \\
eHWWint & $-0.0268058$ & $-0.105318$ & $0.0401253$ & $-0.0053531$ & $-0.0440145$ & $0.00938553$ & $-0.0202331$ & $0.0792571$ & $0.0604226$ & $-0.169258$ & $-0.0459332$ & $-0.135913$ & $0.0248104$ & $-0.0224439$ & $0.079315$ & $0.101122$ & $-0.0678573$ & $-0.102823$ & $-0.109899$ & $0.0466597$ & $0.0315692$ & $0.0397733$ & $-0.0120562$ & $-0.0283155$ & $-0.0617595$ & $-0.00873836$ & $0.0179335$ & $-0.00932399$ & $0.0888107$ & $-0.195052$ & $-0.0755634$ & $-0.0734628$ & $-0.232522$ & $-0.00772389$ & $0.0987768$ & $-0.00851483$ & $1$ & $0.0631053$ & $0.0374012$ & $-0.0524382$ & $0.174823$ & $-0.0131711$ & $-0.0853394$ & $-0.0538249$ & $0.0219671$ & $0.07467$ & $-0.0647417$ & $0.0430267$ & $-0.00788844$ \\
eHWWpar & $-0.00681687$ & $-0.0176228$ & $-0.000161821$ & $0.0207555$ & $0.0114059$ & $-0.0197863$ & $0.0738719$ & $0.0789586$ & $0.0747131$ & $0.0257446$ & $-0.107754$ & $-0.00871634$ & $-0.00441968$ & $0.0735695$ & $0.0287569$ & $0.0298129$ & $0.0677927$ & $0.0365535$ & $0.0410262$ & $0.109932$ & $0.108121$ & $0.105634$ & $-0.030353$ & $-0.000725268$ & $-0.00296682$ & $-0.0506587$ & $-0.010171$ & $-0.030158$ & $0.0364159$ & $-0.0222891$ & $0.0349783$ & $0.069024$ & $-0.0657411$ & $0.0362648$ & $0.00504403$ & $-0.0579249$ & $0.0631053$ & $1$ & $0.0977816$ & $0.00840698$ & $0.0556691$ & $0.0173937$ & $-0.0590354$ & $-0.0775463$ & $0.0396723$ & $0.0232182$ & $-0.0153437$ & $-0.0163012$ & $0.00644621$ \\
eHZZint & $0.0508179$ & $0.0258388$ & $0.0278953$ & $-0.0135147$ & $0.125869$ & $0.0182498$ & $0.0579463$ & $0.0245277$ & $0.0227296$ & $-0.0843552$ & $0.0132687$ & $-0.0535306$ & $-0.00351545$ & $-0.0572793$ & $0.0128565$ & $-0.00849948$ & $-0.0904818$ & $-0.082208$ & $-0.0734545$ & $-0.0122492$ & $-0.0117776$ & $-0.0102232$ & $-0.0418177$ & $-0.0259808$ & $-0.110148$ & $0.0197794$ & $-0.0201304$ & $-0.056684$ & $0.0123157$ & $-0.0584394$ & $-0.0242783$ & $0.0554263$ & $-0.0241031$ & $-0.000359931$ & $0.00309492$ & $0.0414191$ & $0.0374012$ & $0.0977816$ & $1$ & $-0.0487564$ & $0.0204476$ & $0.0442568$ & $-0.0599912$ & $-0.0554269$ & $0.050799$ & $0.0606798$ & $-0.0115074$ & $-0.0247618$ & $0.0403475$ \\
eHZZpar & $-0.00473396$ & $0.0146953$ & $-0.0702585$ & $0.0245399$ & $-0.0389968$ & $0.0872888$ & $-0.0181913$ & $-0.0555049$ & $-0.0494311$ & $0.0341583$ & $0.0549644$ & $0.0689318$ & $-0.0227771$ & $-0.00189172$ & $-0.0501104$ & $-0.0338428$ & $-0.0225903$ & $0.0304463$ & $0.00998303$ & $-0.0500473$ & $-0.0560459$ & $-0.0574069$ & $0.0266075$ & $0.0381383$ & $0.0490278$ & $0.017981$ & $0.0391521$ & $-0.0464448$ & $-0.045347$ & $0.0237797$ & $-0.0300157$ & $-0.00334907$ & $0.0157693$ & $-0.0128275$ & $-0.00413434$ & $0.0203925$ & $-0.0524382$ & $0.00840698$ & $-0.0487564$ & $1$ & $0.0429094$ & $-0.0702007$ & $0.0328523$ & $-0.0439086$ & $0.0382648$ & $0.048209$ & $-0.0194527$ & $0.00597846$ & $-0.00706328$ \\
eHZgaint & $0.0682825$ & $-0.0995051$ & $-0.0846292$ & $0.0402638$ & $-0.00729585$ & $-0.00776415$ & $-0.0421924$ & $0.0507463$ & $0.0452521$ & $-0.0822538$ & $-0.0144878$ & $-0.00763785$ & $-0.00468948$ & $-0.0567115$ & $0.0123765$ & $0.0278167$ & $-0.0875023$ & $-0.0803395$ & $-0.10151$ & $0.00848782$ & $0.00319538$ & $0.00817509$ & $0.0482664$ & $-0.0735007$ & $-0.0790133$ & $-0.00742029$ & $0.0366621$ & $-0.0982028$ & $-0.0234817$ & $-0.00411441$ & $-0.0899422$ & $-0.051328$ & $-0.0715463$ & $0.0130439$ & $0.0665601$ & $0.0493034$ & $0.174823$ & $0.0556691$ & $0.0204476$ & $0.0429094$ & $1$ & $-0.0177563$ & $0.0512153$ & $-0.0343591$ & $0.0489892$ & $0.0555788$ & $-0.0754419$ & $-0.0979505$ & $0.0163671$ \\
eHZgapar & $-0.0867956$ & $-0.0261584$ & $-0.0430662$ & $-0.0334963$ & $0.0292425$ & $-0.0112861$ & $0.0820995$ & $-0.00286653$ & $-0.0150616$ & $0.0535844$ & $-0.00984838$ & $0.0407043$ & $-0.0112506$ & $0.0136658$ & $-0.017569$ & $-0.0516542$ & $0.050067$ & $0.0401652$ & $0.0648085$ & $0.0120244$ & $0.0147399$ & $0.0155984$ & $0.0468603$ & $0.0259041$ & $0.0542363$ & $-0.0417425$ & $0.0304801$ & $0.0235518$ & $0.105013$ & $-0.0177152$ & $-0.0547819$ & $0.0621723$ & $-0.07918$ & $0.016191$ & $0.048748$ & $0.0635415$ & $-0.0131711$ & $0.0173937$ & $0.0442568$ & $-0.0702007$ & $-0.0177563$ & $1$ & $-0.114911$ & $0.0129934$ & $0.0109815$ & $0.0292966$ & $-0.0487486$ & $0.00713918$ & $-0.0723489$ \\
eHgagaint & $0.0473587$ & $0.0031201$ & $-0.00727648$ & $0.133976$ & $-0.0200935$ & $-0.0287735$ & $0.028179$ & $-0.0233768$ & $0.0724486$ & $0.0241155$ & $0.0160477$ & $0.0349379$ & $-0.0221331$ & $-0.00238271$ & $-0.0323862$ & $-0.0538864$ & $0.0463928$ & $0.0320922$ & $0.0384026$ & $-0.0254718$ & $-0.00970503$ & $-0.0406198$ & $0.043634$ & $-0.0158178$ & $0.0602006$ & $0.0214114$ & $0.0645688$ & $-0.0712335$ & $-0.0171908$ & $0.105884$ & $-0.00534128$ & $0.0572421$ & $0.0738744$ & $0.0225413$ & $0.00416659$ & $0.0432895$ & $-0.0853394$ & $-0.0590354$ & $-0.0599912$ & $0.0328523$ & $0.0512153$ & $-0.114911$ & $1$ & $0.0808201$ & $0.0785285$ & $0.0243388$ & $0.0861728$ & $-0.0813973$ & $0.0159736$ \\
eHmumuint & $-0.0916654$ & $-0.0801277$ & $0.0385523$ & $-0.00897809$ & $0.0011174$ & $-0.0299645$ & $-0.0536734$ & $0.0076332$ & $0.000894747$ & $-0.018436$ & $-0.0112465$ & $-0.0223226$ & $0.0103336$ & $0.0329606$ & $0.0710135$ & $0.0306423$ & $-0.0252621$ & $-0.0432048$ & $-0.0136765$ & $0.013742$ & $0.00573592$ & $-0.0101566$ & $-0.0453211$ & $0.00962296$ & $-0.00703775$ & $0.0022246$ & $-0.0611924$ & $0.0208799$ & $0.0114039$ & $0.00762958$ & $0.0396713$ & $-0.0460315$ & $0.0390744$ & $-0.0764368$ & $-0.0655967$ & $0.0412245$ & $-0.0538249$ & $-0.0775463$ & $-0.0554269$ & $-0.0439086$ & $-0.0343591$ & $0.0129934$ & $0.0808201$ & $1$ & $-0.0456938$ & $0.0529976$ & $0.0357115$ & $0.00471822$ & $0.0191043$ \\
eHtautauint & $0.0697215$ & $0.00835228$ & $-0.0836066$ & $0.0465951$ & $-0.0104274$ & $-0.0898512$ & $-0.00350835$ & $0.00984449$ & $0.00853244$ & $0.0804607$ & $0.00898799$ & $0.0353793$ & $0.00450156$ & $-0.055836$ & $-0.0390077$ & $0.0137381$ & $-0.0127683$ & $-0.00742908$ & $-0.0570342$ & $-0.0108927$ & $-0.0105279$ & $-0.012175$ & $0.0514692$ & $-0.052627$ & $0.0380251$ & $0.008575$ & $0.101628$ & $0.0102393$ & $0.0558882$ & $0.0427762$ & $0.0144215$ & $-0.00723276$ & $-0.0470359$ & $0.0515429$ & $0.0195157$ & $0.0133373$ & $0.0219671$ & $0.0396723$ & $0.050799$ & $0.0382648$ & $0.0489892$ & $0.0109815$ & $0.0785285$ & $-0.0456938$ & $1$ & $-0.0748304$ & $-0.0226052$ & $-0.0251509$ & $0.0988333$ \\
eHccint & $-0.055565$ & $-0.0826866$ & $0.0487475$ & $0.00487052$ & $-0.0129561$ & $0.0158853$ & $0.0316465$ & $0.0928603$ & $0.0880328$ & $-0.093169$ & $-0.0574171$ & $-0.071575$ & $0.0343666$ & $-0.0547584$ & $0.0259451$ & $0.0762239$ & $-0.0431279$ & $-0.075579$ & $-0.088591$ & $0.0568074$ & $0.0560897$ & $0.0739531$ & $-0.0794195$ & $-0.0833333$ & $-0.0862492$ & $-0.00878696$ & $-0.00690084$ & $-0.0288955$ & $0.0405208$ & $0.0243768$ & $0.143974$ & $0.0468618$ & $-0.0126824$ & $0.0560522$ & $0.0929085$ & $-0.116877$ & $0.07467$ & $0.0232182$ & $0.0606798$ & $0.048209$ & $0.0555788$ & $0.0292966$ & $0.0243388$ & $0.0529976$ & $-0.0748304$ & $1$ & $0.0734591$ & $-0.136651$ & $-0.0279058$ \\
eHccpar & $-0.053972$ & $0.0991389$ & $0.0334385$ & $0.0179193$ & $0.0348206$ & $0.0364096$ & $-0.0265024$ & $0.0313759$ & $0.0333766$ & $0.0155449$ & $-0.0808035$ & $-0.0312323$ & $0.0216014$ & $0.114076$ & $-0.0397312$ & $0.0532778$ & $0.100147$ & $0.131629$ & $0.0623469$ & $0.0871268$ & $0.0848688$ & $0.0871308$ & $-0.0162393$ & $0.0446343$ & $0.0987623$ & $0.00353637$ & $0.0515089$ & $-0.0530318$ & $-0.0519253$ & $0.102764$ & $0.458961$ & $-0.00494622$ & $0.109218$ & $0.0684536$ & $0.0515212$ & $-0.0678056$ & $-0.0647417$ & $-0.0153437$ & $-0.0115074$ & $-0.0194527$ & $-0.0754419$ & $-0.0487486$ & $0.0861728$ & $0.0357115$ & $-0.0226052$ & $0.0734591$ & $1$ & $-0.0691926$ & $0.0992483$ \\
eHbbint & $0.000905956$ & $0.0545851$ & $-0.00249659$ & $0.00978883$ & $-0.0556009$ & $0.00464767$ & $-0.0287637$ & $-0.023918$ & $-0.0219071$ & $0.0121444$ & $0.00181548$ & $-0.000270692$ & $-0.00596584$ & $0.0296919$ & $0.004063$ & $-0.0199342$ & $0.0368718$ & $0.0275975$ & $0.048923$ & $-0.00888243$ & $-0.00102801$ & $-0.00629604$ & $0.0172447$ & $0.0213269$ & $0.0697996$ & $-0.00540874$ & $0.0226076$ & $0.099672$ & $0.058761$ & $-0.0573669$ & $-0.0402709$ & $-0.0266587$ & $0.125$ & $-0.0223424$ & $-0.00434696$ & $0.107558$ & $0.0430267$ & $-0.0163012$ & $-0.0247618$ & $0.00597846$ & $-0.0979505$ & $0.00713918$ & $-0.0813973$ & $0.00471822$ & $-0.0251509$ & $-0.136651$ & $-0.0691926$ & $1$ & $-0.0333054$ \\
eHbbpar & $-0.075567$ & $0.00434361$ & $-0.0529503$ & $0.0519178$ & $-0.0173086$ & $-0.0203992$ & $0.00990329$ & $-0.0282162$ & $-0.0274365$ & $0.0352723$ & $0.0304431$ & $0.051866$ & $-0.018882$ & $-0.0513661$ & $0.0717299$ & $0.0323326$ & $0.0219301$ & $-0.0592231$ & $-0.00815353$ & $-0.0269411$ & $-0.0342851$ & $-0.0244103$ & $-0.0939365$ & $0.0101286$ & $-0.0233635$ & $0.0626895$ & $-0.0789951$ & $-0.049848$ & $-0.0305817$ & $0.000755044$ & $0.0151793$ & $0.0206852$ & $0.507981$ & $-0.0648412$ & $-0.0565716$ & $-0.018218$ & $-0.00788844$ & $0.00644621$ & $0.0403475$ & $-0.00706328$ & $0.0163671$ & $-0.0723489$ & $0.0159736$ & $0.0191043$ & $0.0988333$ & $-0.0279058$ & $0.0992483$ & $-0.0333054$ & $1$ \\
