 & AlsMz & dAle5Mz & mtop & mHl & Mz & CW & CHG & CHWB & CHWHB_gaga & CHWHB_gagaorth & CHD & CHbox & CH & CHL1_11 & CHL1_22 & CHL1_33 & CHL3_11 & CHL3_22 & CHL3_33 & CHe_11 & CHe_22 & CHe_33 & CHQ1_11 & CHQ1_33 & CHQ3_11 & CHu_11 & CHd_11 & CHd_33 & CeH_22r & CeH_33r & CuH_22r & CuH_33r & CdH_33r & CLL_1221 & eHggint & eHggpar & eHWWint & eHWWpar & eHZZint & eHZZpar & eHZgaint & eHZgapar & eHgagaint & eHmumuint & eHtautauint & eHccint & eHccpar & eHbbint & eHbbpar \\
AlsMz & $1$ & $-0.0919106$ & $0.0901579$ & $-0.179689$ & $0.0288458$ & $-0.0041056$ & $-0.228053$ & $0.0557261$ & $0.041651$ & $-0.0824305$ & $-0.0495042$ & $0.00625883$ & $0.0853964$ & $0.00111631$ & $0.0138599$ & $0.0234415$ & $-0.0184842$ & $-0.0216482$ & $-0.0307012$ & $0.0498587$ & $0.0466404$ & $0.0509081$ & $0.0140523$ & $-0.0559389$ & $-0.0577198$ & $-0.0463429$ & $0.0083506$ & $0.00818502$ & $0.000434246$ & $0.044269$ & $0.0746208$ & $-0.246153$ & $0.0720091$ & $0.0306025$ & $-0.470921$ & $-0.597968$ & $-0.484684$ & $-0.0818117$ & $0.258645$ & $0.0701457$ & $-0.47998$ & $0.0443037$ & $-0.385403$ & $0.313216$ & $-0.0394903$ & $-0.0503533$ & $0.541576$ & $-0.410259$ & $0.302664$ \\
dAle5Mz & $-0.0919106$ & $1$ & $0.231733$ & $-0.0342575$ & $-0.0479834$ & $0.0244928$ & $0.170478$ & $-0.0224692$ & $-0.0127845$ & $-0.0311504$ & $0.0407364$ & $-0.0185104$ & $0.0015808$ & $-0.0377325$ & $-0.0203774$ & $-0.0182698$ & $-0.0433282$ & $-0.0245123$ & $-0.025827$ & $-0.0370228$ & $-0.0340437$ & $-0.0237944$ & $-0.0084982$ & $-0.020621$ & $-0.00855959$ & $0.0398641$ & $0.0225859$ & $-0.02553$ & $0.0140771$ & $0.00355958$ & $-0.0446888$ & $0.170152$ & $-0.0148314$ & $0.00961575$ & $-0.0558901$ & $0.106439$ & $-0.00795602$ & $0.0584165$ & $-0.204011$ & $-0.111226$ & $0.380764$ & $0.0998498$ & $-0.034717$ & $-0.0359873$ & $0.191681$ & $-0.281742$ & $-0.311376$ & $-0.420384$ & $-0.0175901$ \\
mtop & $0.0901579$ & $0.231733$ & $1$ & $-0.129198$ & $0.0599271$ & $-0.0424121$ & $0.194503$ & $-0.0540042$ & $-0.0544828$ & $0.0291629$ & $0.0575602$ & $-0.0435677$ & $-0.101365$ & $-0.0388117$ & $-0.0340392$ & $-0.0334509$ & $0.0147593$ & $0.0196119$ & $0.014937$ & $-0.0543125$ & $-0.05254$ & $-0.0514726$ & $-0.00839055$ & $0.0237236$ & $0.0260192$ & $0.0406946$ & $0.00873549$ & $0.00924796$ & $-0.0157621$ & $-0.0210402$ & $-0.0372924$ & $0.208073$ & $-0.0635188$ & $-0.00110137$ & $-0.0559345$ & $0.402049$ & $0.275384$ & $0.154554$ & $-0.0871191$ & $-0.00725416$ & $0.487294$ & $0.0799229$ & $-0.398149$ & $0.373816$ & $0.196128$ & $-0.628292$ & $0.130042$ & $-0.261092$ & $-0.118678$ \\
mHl & $-0.179689$ & $-0.0342575$ & $-0.129198$ & $1$ & $0.0125739$ & $0.010704$ & $0.111909$ & $0.0101744$ & $0.0237345$ & $0.0150606$ & $-0.0255167$ & $-0.066486$ & $-0.0834913$ & $0.050743$ & $-0.0229535$ & $0.00516057$ & $0.0265865$ & $0.0447208$ & $0.0225721$ & $0.0196874$ & $0.0258546$ & $0.021578$ & $0.0209526$ & $0.00731271$ & $0.0376037$ & $-0.0259026$ & $0.0200146$ & $-0.0283742$ & $-0.0104795$ & $-0.0368787$ & $0.0334789$ & $0.103672$ & $-0.0364888$ & $0.0239428$ & $0.000429985$ & $0.135013$ & $0.326586$ & $-0.134021$ & $-0.340691$ & $-0.00453345$ & $-0.0481876$ & $0.0396693$ & $0.367972$ & $0.066515$ & $-0.567479$ & $0.105923$ & $0.110078$ & $0.210405$ & $-0.13675$ \\
Mz & $0.0288458$ & $-0.0479834$ & $0.0599271$ & $0.0125739$ & $1$ & $-0.0256636$ & $-0.0448909$ & $0.0034234$ & $-0.0020179$ & $-0.0113737$ & $0.00528382$ & $-0.00403928$ & $0.0119635$ & $-0.00586127$ & $-0.00767145$ & $-0.0159081$ & $0.00942575$ & $0.00550019$ & $0.00583883$ & $0.00207374$ & $0.00658912$ & $0.00947791$ & $-0.0116016$ & $0.00393174$ & $0.0138149$ & $0.0238174$ & $0.032097$ & $5.11929e-05$ & $0.00271159$ & $-0.0139798$ & $-0.0243595$ & $-0.0471762$ & $-0.0115817$ & $0.0122198$ & $-0.0982515$ & $0.053796$ & $0.0664859$ & $-0.0338917$ & $0.0240362$ & $-0.00316022$ & $0.0292755$ & $0.0570645$ & $-0.0215905$ & $0.0268085$ & $0.0249901$ & $-0.00443878$ & $0.0680881$ & $-0.00168681$ & $0.0430662$ \\
CW & $-0.0041056$ & $0.0244928$ & $-0.0424121$ & $0.010704$ & $-0.0256636$ & $1$ & $0.00342111$ & $-0.126815$ & $-0.124174$ & $0.00543924$ & $0.179832$ & $0.0421681$ & $0.0124485$ & $0.029547$ & $-0.0717965$ & $-0.0561793$ & $-0.254534$ & $-0.0435408$ & $-0.0582994$ & $-0.173939$ & $-0.185494$ & $-0.182531$ & $-0.030693$ & $0.00334708$ & $-0.0805592$ & $0.113924$ & $-0.0892763$ & $-0.0586002$ & $-0.0102495$ & $-0.0128425$ & $0.0148225$ & $0.00325721$ & $-0.00436913$ & $-0.129453$ & $0.0168597$ & $-0.0185165$ & $-0.0111741$ & $-0.013045$ & $-0.00353431$ & $-0.0416137$ & $-0.00176436$ & $0.0130752$ & $0.00509466$ & $0.0119735$ & $-0.0230932$ & $0.0207786$ & $0.0227023$ & $0.00248971$ & $-0.0155069$ \\
CHG & $-0.228053$ & $0.170478$ & $0.194503$ & $0.111909$ & $-0.0448909$ & $0.00342111$ & $1$ & $-0.178217$ & $-0.122977$ & $0.144101$ & $0.1282$ & $-0.164476$ & $-0.314659$ & $0.032647$ & $-0.0291467$ & $-0.0255867$ & $0.0939857$ & $0.109898$ & $0.102092$ & $-0.122359$ & $-0.132621$ & $-0.135008$ & $-0.0759657$ & $0.147731$ & $0.0949243$ & $0.107787$ & $-0.118598$ & $-0.0512372$ & $-0.0122398$ & $-0.152089$ & $-0.110404$ & $0.93937$ & $-0.231642$ & $-0.115118$ & $0.30338$ & $0.148402$ & $0.418348$ & $-0.144238$ & $-0.316739$ & $0.0489948$ & $0.244729$ & $0.0103718$ & $0.0862518$ & $-0.00749629$ & $-0.053057$ & $-0.253189$ & $-0.0583639$ & $0.00280056$ & $-0.199201$ \\
CHWB & $0.0557261$ & $-0.0224692$ & $-0.0540042$ & $0.0101744$ & $0.0034234$ & $-0.126815$ & $-0.178217$ & $1$ & $0.985465$ & $-0.570167$ & $-0.875827$ & $-0.0102088$ & $0.316444$ & $0.112443$ & $0.301253$ & $0.28528$ & $-0.216463$ & $-0.417135$ & $-0.409686$ & $0.847974$ & $0.893766$ & $0.876644$ & $0.0880559$ & $-0.661727$ & $-0.377049$ & $-0.514655$ & $0.433299$ & $0.278392$ & $0.0329967$ & $0.0796475$ & $0.0290776$ & $-0.182833$ & $0.103242$ & $0.556389$ & $-0.0599041$ & $-0.0296416$ & $-0.0285394$ & $-0.00259512$ & $-0.0379378$ & $-0.00784855$ & $-0.0262373$ & $0.0517902$ & $-0.0125068$ & $-0.01491$ & $-0.0212717$ & $0.0657343$ & $0.0789498$ & $0.00764856$ & $0.0132857$ \\
CHWHB_gaga & $0.041651$ & $-0.0127845$ & $-0.0544828$ & $0.0237345$ & $-0.0020179$ & $-0.124174$ & $-0.122977$ & $0.985465$ & $1$ & $-0.558208$ & $-0.859965$ & $0.00628285$ & $0.307038$ & $0.10427$ & $0.298646$ & $0.282823$ & $-0.220383$ & $-0.418191$ & $-0.41104$ & $0.833118$ & $0.877398$ & $0.860194$ & $0.0831294$ & $-0.65598$ & $-0.379051$ & $-0.503493$ & $0.422901$ & $0.270014$ & $0.0395042$ & $0.0961576$ & $0.0385263$ & $-0.135182$ & $0.123518$ & $0.546487$ & $-0.0544666$ & $-0.0225253$ & $-0.00674137$ & $-0.0158228$ & $-0.0614493$ & $-0.00841283$ & $-0.0164583$ & $0.0537014$ & $0.0108072$ & $-0.0220138$ & $-0.0227813$ & $0.061634$ & $0.0714097$ & $0.00710678$ & $0.000476722$ \\
CHWHB_gagaorth & $-0.0824305$ & $-0.0311504$ & $0.0291629$ & $0.0150606$ & $-0.0113737$ & $0.00543924$ & $0.144101$ & $-0.570167$ & $-0.558208$ & $1$ & $0.357973$ & $0.322668$ & $-0.253997$ & $0.204619$ & $-0.128638$ & $-0.106187$ & $0.412654$ & $0.473451$ & $0.458464$ & $-0.343337$ & $-0.373953$ & $-0.366908$ & $-0.0633942$ & $0.550824$ & $0.460152$ & $0.215801$ & $-0.244058$ & $-0.102131$ & $-0.0203964$ & $-0.11338$ & $-0.0485986$ & $0.162421$ & $-0.155781$ & $-0.341368$ & $0.0588057$ & $0.0738425$ & $0.0527288$ & $0.00403377$ & $-0.00385266$ & $0.0336143$ & $0.0549167$ & $-0.00979595$ & $0.0197257$ & $0.0311384$ & $-0.0290255$ & $-0.0112493$ & $-0.0267318$ & $0.05867$ & $-0.0555267$ \\
CHD & $-0.0495042$ & $0.0407364$ & $0.0575602$ & $-0.0255167$ & $0.00528382$ & $0.179832$ & $0.1282$ & $-0.875827$ & $-0.859965$ & $0.357973$ & $1$ & $0.145215$ & $-0.158301$ & $-0.532747$ & $-0.425165$ & $-0.409986$ & $-0.246432$ & $0.0405055$ & $0.0364881$ & $-0.990655$ & $-0.991282$ & $-0.969318$ & $-0.0204415$ & $0.287976$ & $-0.0149482$ & $0.56258$ & $-0.296531$ & $-0.314855$ & $-0.0159921$ & $-0.0457291$ & $-0.0170684$ & $0.14275$ & $-0.061389$ & $-0.35659$ & $0.042574$ & $0.034175$ & $0.0176579$ & $0.00079513$ & $0.0485616$ & $-0.00959161$ & $0.0361196$ & $-0.0529631$ & $-0.00906925$ & $0.0270222$ & $0.0359754$ & $-0.0461937$ & $-0.112011$ & $-0.00777971$ & $-0.00717423$ \\
CHbox & $0.00625883$ & $-0.0185104$ & $-0.0435677$ & $-0.066486$ & $-0.00403928$ & $0.0421681$ & $-0.164476$ & $-0.0102088$ & $0.00628285$ & $0.322668$ & $0.145215$ & $1$ & $0.628555$ & $-0.279993$ & $0.00237779$ & $0.0164208$ & $-0.280675$ & $-0.248421$ & $-0.259344$ & $-0.129099$ & $-0.146776$ & $-0.143325$ & $0.0327579$ & $-0.142265$ & $-0.248463$ & $0.0538673$ & $-0.0478883$ & $-0.0598583$ & $0.0654383$ & $0.309475$ & $0.113603$ & $-0.0822751$ & $0.386033$ & $-0.0194521$ & $-0.0674545$ & $0.00145409$ & $-0.0513456$ & $0.0178885$ & $0.0417921$ & $-0.0319532$ & $0.0308978$ & $0.00222008$ & $-0.0377662$ & $0.0398572$ & $0.0226473$ & $0.138757$ & $-0.0561939$ & $0.0330053$ & $-0.0447521$ \\
CH & $0.0853964$ & $0.0015808$ & $-0.101365$ & $-0.0834913$ & $0.0119635$ & $0.0124485$ & $-0.314659$ & $0.316444$ & $0.307038$ & $-0.253997$ & $-0.158301$ & $0.628555$ & $1$ & $-0.197501$ & $0.0686881$ & $0.0648162$ & $-0.31282$ & $-0.334682$ & $-0.331652$ & $0.155766$ & $0.167466$ & $0.16168$ & $0.0666218$ & $-0.353059$ & $-0.328686$ & $-0.119083$ & $0.127248$ & $0.0327954$ & $0.0580188$ & $0.232758$ & $0.113471$ & $-0.277778$ & $0.311016$ & $0.188657$ & $-0.147391$ & $-0.0864591$ & $-0.138797$ & $0.0367083$ & $0.0769105$ & $-0.0405636$ & $-0.0268046$ & $-0.00511372$ & $-0.0476296$ & $0.00600582$ & $0.0509398$ & $0.190387$ & $-0.0368324$ & $-0.0187424$ & $0.00817794$ \\
CHL1_11 & $0.00111631$ & $-0.0377325$ & $-0.0388117$ & $0.050743$ & $-0.00586127$ & $0.029547$ & $0.032647$ & $0.112443$ & $0.10427$ & $0.204619$ & $-0.532747$ & $-0.279993$ & $-0.197501$ & $1$ & $0.286498$ & $0.280407$ & $0.673568$ & $0.600025$ & $0.59751$ & $0.550088$ & $0.492427$ & $0.476461$ & $-0.0975479$ & $0.471645$ & $0.610975$ & $-0.26067$ & $-0.0966019$ & $0.174205$ & $-0.0223401$ & $-0.0355789$ & $-0.015618$ & $0.0115017$ & $-0.0459466$ & $-0.212168$ & $0.0193571$ & $-0.020594$ & $0.010111$ & $-0.00332783$ & $-0.033435$ & $0.0274832$ & $-0.0218687$ & $0.0199158$ & $0.0445263$ & $-0.0300398$ & $-0.0507014$ & $-0.0126725$ & $0.088864$ & $0.0132975$ & $-0.0140338$ \\
CHL1_22 & $0.0138599$ & $-0.0203774$ & $-0.0340392$ & $-0.0229535$ & $-0.00767145$ & $-0.0717965$ & $-0.0291467$ & $0.301253$ & $0.298646$ & $-0.128638$ & $-0.425165$ & $0.00237779$ & $0.0686881$ & $0.286498$ & $1$ & $0.428932$ & $0.171779$ & $-0.437469$ & $-0.0168015$ & $0.488525$ & $0.342296$ & $0.329209$ & $-0.141165$ & $0.107472$ & $-0.114035$ & $-0.213816$ & $-0.37513$ & $0.0988964$ & $-0.00346933$ & $0.0370085$ & $0.00527943$ & $-0.0262128$ & $0.0536307$ & $-0.596583$ & $-0.00416799$ & $-0.0259696$ & $2.59383e-05$ & $-0.0129168$ & $-0.006191$ & $-0.0455451$ & $-0.0425021$ & $0.0344425$ & $0.0299452$ & $-0.0505128$ & $0.0253758$ & $0.0136549$ & $0.0505656$ & $-0.00939689$ & $0.0224385$ \\
CHL1_33 & $0.0234415$ & $-0.0182698$ & $-0.0334509$ & $0.00516057$ & $-0.0159081$ & $-0.0561793$ & $-0.0255867$ & $0.28528$ & $0.282823$ & $-0.106187$ & $-0.409986$ & $0.0164208$ & $0.0648162$ & $0.280407$ & $0.428932$ & $1$ & $0.172142$ & $-0.000750201$ & $-0.426942$ & $0.472441$ & $0.328323$ & $0.345581$ & $-0.145978$ & $0.108611$ & $-0.111959$ & $-0.201824$ & $-0.383884$ & $0.109592$ & $0.0214462$ & $0.0461698$ & $0.0196438$ & $-0.0281397$ & $0.0383052$ & $-0.0970097$ & $-0.0294229$ & $-0.0421193$ & $0.00126073$ & $0.037261$ & $-0.0255865$ & $-0.0347477$ & $-0.0285537$ & $0.0247003$ & $0.0186443$ & $-0.033777$ & $-0.0079568$ & $0.0127937$ & $0.0318428$ & $-0.0193375$ & $-0.000538804$ \\
CHL3_11 & $-0.0184842$ & $-0.0433282$ & $0.0147593$ & $0.0265865$ & $0.00942575$ & $-0.254534$ & $0.0939857$ & $-0.216463$ & $-0.220383$ & $0.412654$ & $-0.246432$ & $-0.280675$ & $-0.31282$ & $0.673568$ & $0.171779$ & $0.172142$ & $1$ & $0.739191$ & $0.735823$ & $0.266588$ & $0.214598$ & $0.204885$ & $-0.0955669$ & $0.671835$ & $0.781431$ & $-0.109689$ & $-0.159115$ & $0.0757785$ & $-0.03165$ & $-0.0723015$ & $-0.0279998$ & $0.0747828$ & $-0.0860907$ & $-0.238053$ & $0.0391641$ & $0.00837865$ & $0.0347444$ & $0.00786299$ & $-0.0218863$ & $0.0476553$ & $-0.0124092$ & $0.00621502$ & $0.0278964$ & $-0.0137472$ & $-0.0229324$ & $-0.0386472$ & $0.0636027$ & $0.0117354$ & $-0.00853528$ \\
CHL3_22 & $-0.0216482$ & $-0.0245123$ & $0.0196119$ & $0.0447208$ & $0.00550019$ & $-0.0435408$ & $0.109898$ & $-0.417135$ & $-0.418191$ & $0.473451$ & $0.0405055$ & $-0.248421$ & $-0.334682$ & $0.600025$ & $-0.437469$ & $-0.000750201$ & $0.739191$ & $1$ & $0.668198$ & $-0.0432458$ & $-0.0360385$ & $-0.0339976$ & $-0.0346216$ & $0.620374$ & $0.792449$ & $0.0452583$ & $-0.0173892$ & $0.00792236$ & $-0.0277234$ & $-0.0854572$ & $-0.0252657$ & $0.08955$ & $-0.112097$ & $0.0439897$ & $0.0351879$ & $0.0110587$ & $0.0236524$ & $0.0153417$ & $-0.0147022$ & $0.0635513$ & $0.0126195$ & $-0.0175207$ & $0.017421$ & $0.0127397$ & $-0.0432471$ & $-0.0464076$ & $0.0286065$ & $0.0102274$ & $-0.0277533$ \\
CHL3_33 & $-0.0307012$ & $-0.025827$ & $0.014937$ & $0.0225721$ & $0.00583883$ & $-0.0582994$ & $0.102092$ & $-0.409686$ & $-0.41104$ & $0.458464$ & $0.0364881$ & $-0.259344$ & $-0.331652$ & $0.59751$ & $-0.0168015$ & $-0.426942$ & $0.735823$ & $0.668198$ & $1$ & $-0.0399171$ & $-0.0299041$ & $-0.0293107$ & $-0.0240918$ & $0.617455$ & $0.798092$ & $0.0381604$ & $0.00492212$ & $-0.00277842$ & $-0.0461068$ & $-0.0933825$ & $-0.0354759$ & $0.085576$ & $-0.103128$ & $-0.331387$ & $0.0570746$ & $0.0210668$ & $0.0192455$ & $-0.0198483$ & $0.00122412$ & $0.0536123$ & $-0.00026654$ & $-0.00982345$ & $0.0284023$ & $-0.00227827$ & $-0.0170839$ & $-0.0412177$ & $0.0408734$ & $0.0216441$ & $-0.00986083$ \\
CHe_11 & $0.0498587$ & $-0.0370228$ & $-0.0543125$ & $0.0196874$ & $0.00207374$ & $-0.173939$ & $-0.122359$ & $0.847974$ & $0.833118$ & $-0.343337$ & $-0.990655$ & $-0.129099$ & $0.155766$ & $0.550088$ & $0.488525$ & $0.472441$ & $0.266588$ & $-0.0432458$ & $-0.0399171$ & $1$ & $0.972928$ & $0.951728$ & $-0.00146678$ & $-0.236532$ & $0.0205014$ & $-0.554832$ & $0.223663$ & $0.307492$ & $0.0158349$ & $0.0465395$ & $0.0186582$ & $-0.136609$ & $0.0622611$ & $0.278408$ & $-0.0451464$ & $-0.0349362$ & $-0.0188113$ & $0.0011293$ & $-0.0466806$ & $0.00542013$ & $-0.0355811$ & $0.0529243$ & $0.0115429$ & $-0.0303493$ & $-0.0280781$ & $0.0401008$ & $0.11087$ & $-0.00028263$ & $0.00735276$ \\
CHe_22 & $0.0466404$ & $-0.0340437$ & $-0.05254$ & $0.0258546$ & $0.00658912$ & $-0.185494$ & $-0.132621$ & $0.893766$ & $0.877398$ & $-0.373953$ & $-0.991282$ & $-0.146776$ & $0.167466$ & $0.492427$ & $0.342296$ & $0.328323$ & $0.214598$ & $-0.0360385$ & $-0.0299041$ & $0.972928$ & $1$ & $0.974592$ & $0.0462552$ & $-0.342489$ & $0.00945583$ & $-0.563484$ & $0.377863$ & $0.316357$ & $0.0172514$ & $0.0446121$ & $0.0149104$ & $-0.147162$ & $0.0607992$ & $0.442072$ & $-0.0420707$ & $-0.027088$ & $-0.0166212$ & $-0.00364176$ & $-0.0483883$ & $0.014806$ & $-0.0293736$ & $0.0511754$ & $0.00471426$ & $-0.0234533$ & $-0.0356867$ & $0.0471306$ & $0.107048$ & $0.0106323$ & $0.00823229$ \\
CHe_33 & $0.0509081$ & $-0.0237944$ & $-0.0514726$ & $0.021578$ & $0.00947791$ & $-0.182531$ & $-0.135008$ & $0.876644$ & $0.860194$ & $-0.366908$ & $-0.969318$ & $-0.143325$ & $0.16168$ & $0.476461$ & $0.329209$ & $0.345581$ & $0.204885$ & $-0.0339976$ & $-0.0293107$ & $0.951728$ & $0.974592$ & $1$ & $0.0507102$ & $-0.338693$ & $0.00765736$ & $-0.552834$ & $0.374403$ & $0.310092$ & $0.016833$ & $0.0404706$ & $0.0162946$ & $-0.151002$ & $0.0551848$ & $0.441808$ & $-0.0447816$ & $-0.0318661$ & $-0.0204355$ & $0.00193601$ & $-0.049886$ & $0.0154193$ & $-0.0277675$ & $0.0605687$ & $-0.000236504$ & $-0.0184605$ & $-0.0288056$ & $0.0464502$ & $0.106303$ & $0.00424753$ & $0.00478648$ \\
CHQ1_11 & $0.0140523$ & $-0.0084982$ & $-0.00839055$ & $0.0209526$ & $-0.0116016$ & $-0.030693$ & $-0.0759657$ & $0.0880559$ & $0.0831294$ & $-0.0633942$ & $-0.0204415$ & $0.0327579$ & $0.0666218$ & $-0.0975479$ & $-0.141165$ & $-0.145978$ & $-0.0955669$ & $-0.0346216$ & $-0.0240918$ & $-0.00146678$ & $0.0462552$ & $0.0507102$ & $1$ & $-0.15717$ & $0.0404129$ & $-0.684339$ & $0.32607$ & $-0.00302655$ & $-0.00128526$ & $0.000262624$ & $-0.00608497$ & $-0.0749649$ & $0.010764$ & $0.194238$ & $-0.0350228$ & $0.0237988$ & $-0.0400905$ & $-0.00117451$ & $0.0554406$ & $0.0394532$ & $-0.0113342$ & $-0.0570619$ & $-0.033545$ & $0.0478681$ & $-0.0109249$ & $0.0303715$ & $-0.00236649$ & $0.0231782$ & $0.0089984$ \\
CHQ1_33 & $-0.0559389$ & $-0.020621$ & $0.0237236$ & $0.00731271$ & $0.00393174$ & $0.00334708$ & $0.147731$ & $-0.661727$ & $-0.65598$ & $0.550824$ & $0.287976$ & $-0.142265$ & $-0.353059$ & $0.471645$ & $0.107472$ & $0.108611$ & $0.671835$ & $0.620374$ & $0.617455$ & $-0.236532$ & $-0.342489$ & $-0.338693$ & $-0.15717$ & $1$ & $0.638919$ & $0.205012$ & $-0.416438$ & $0.0026819$ & $-0.0440601$ & $-0.0778761$ & $-0.0350508$ & $0.137886$ & $-0.104536$ & $-0.620926$ & $0.0555537$ & $0.0289418$ & $0.0311028$ & $-0.0035406$ & $0.00979208$ & $0.0184877$ & $0.0087719$ & $-0.0287389$ & $0.0363763$ & $-0.00465898$ & $-0.000382112$ & $-0.0500501$ & $-0.0122555$ & $0.0110494$ & $-0.0254564$ \\
CHQ3_11 & $-0.0577198$ & $-0.00855959$ & $0.0260192$ & $0.0376037$ & $0.0138149$ & $-0.0805592$ & $0.0949243$ & $-0.377049$ & $-0.379051$ & $0.460152$ & $-0.0149482$ & $-0.248463$ & $-0.328686$ & $0.610975$ & $-0.114035$ & $-0.111959$ & $0.781431$ & $0.792449$ & $0.798092$ & $0.0205014$ & $0.00945583$ & $0.00765736$ & $0.0404129$ & $0.638919$ & $1$ & $0.0188173$ & $0.205357$ & $0.0122875$ & $-0.038503$ & $-0.0888711$ & $-0.0319064$ & $0.0763173$ & $-0.110466$ & $-0.194628$ & $0.0502748$ & $0.035565$ & $0.0148529$ & $0.00362146$ & $-0.0217665$ & $0.048427$ & $0.0237019$ & $-0.02387$ & $0.0403664$ & $0.000819092$ & $-0.0253827$ & $-0.0574384$ & $0.0214315$ & $0.0217929$ & $-0.0418531$ \\
CHu_11 & $-0.0463429$ & $0.0398641$ & $0.0406946$ & $-0.0259026$ & $0.0238174$ & $0.113924$ & $0.107787$ & $-0.514655$ & $-0.503493$ & $0.215801$ & $0.56258$ & $0.0538673$ & $-0.119083$ & $-0.26067$ & $-0.213816$ & $-0.201824$ & $-0.109689$ & $0.0452583$ & $0.0381604$ & $-0.554832$ & $-0.563484$ & $-0.552834$ & $-0.684339$ & $0.205012$ & $0.0188173$ & $1$ & $-0.169928$ & $-0.16302$ & $-0.00219375$ & $-0.0206002$ & $-0.00952491$ & $0.11665$ & $-0.0385375$ & $-0.243923$ & $0.0535134$ & $0.00658885$ & $0.0291242$ & $-0.00402422$ & $-0.0102137$ & $-0.0368004$ & $0.029912$ & $0.00940489$ & $0.021384$ & $-0.0245795$ & $0.0304474$ & $-0.0449435$ & $-0.0720148$ & $-0.00993613$ & $-0.0205881$ \\
CHd_11 & $0.0083506$ & $0.0225859$ & $0.00873549$ & $0.0200146$ & $0.032097$ & $-0.0892763$ & $-0.118598$ & $0.433299$ & $0.422901$ & $-0.244058$ & $-0.296531$ & $-0.0478883$ & $0.127248$ & $-0.0966019$ & $-0.37513$ & $-0.383884$ & $-0.159115$ & $-0.0173892$ & $0.00492212$ & $0.223663$ & $0.377863$ & $0.374403$ & $0.32607$ & $-0.416438$ & $0.205357$ & $-0.169928$ & $1$ & $0.102383$ & $0.00604961$ & $0.00715054$ & $0.00160988$ & $-0.126485$ & $0.0120755$ & $0.673282$ & $-0.0278461$ & $0.0209973$ & $-0.0491138$ & $-0.0118223$ & $-0.016981$ & $0.0320695$ & $0.0216513$ & $-0.00526829$ & $-0.0212769$ & $0.0354572$ & $-0.0209639$ & $0.0175215$ & $0.0164951$ & $0.0232795$ & $-0.0238049$ \\
CHd_33 & $0.00818502$ & $-0.02553$ & $0.00924796$ & $-0.0283742$ & $5.11929e-05$ & $-0.0586002$ & $-0.0512372$ & $0.278392$ & $0.270014$ & $-0.102131$ & $-0.314855$ & $-0.0598583$ & $0.0327954$ & $0.174205$ & $0.0988964$ & $0.109592$ & $0.0757785$ & $0.00792236$ & $-0.00277842$ & $0.307492$ & $0.316357$ & $0.310092$ & $-0.00302655$ & $0.0026819$ & $0.0122875$ & $-0.16302$ & $0.102383$ & $1$ & $-0.00568209$ & $0.00956203$ & $0.0026582$ & $-0.0501427$ & $0.00121518$ & $0.143853$ & $-0.0266659$ & $0.039904$ & $0.0159184$ & $0.000294207$ & $-0.011393$ & $-0.0161956$ & $0.0259588$ & $0.0266869$ & $-0.0335994$ & $0.0269094$ & $0.0163166$ & $-0.0185195$ & $0.0337977$ & $-0.00338068$ & $-0.00750692$ \\
CeH_22r & $0.000434246$ & $0.0140771$ & $-0.0157621$ & $-0.0104795$ & $0.00271159$ & $-0.0102495$ & $-0.0122398$ & $0.0329967$ & $0.0395042$ & $-0.0203964$ & $-0.0159921$ & $0.0654383$ & $0.0580188$ & $-0.0223401$ & $-0.00346933$ & $0.0214462$ & $-0.03165$ & $-0.0277234$ & $-0.0461068$ & $0.0158349$ & $0.0172514$ & $0.016833$ & $-0.00128526$ & $-0.0440601$ & $-0.038503$ & $-0.00219375$ & $0.00604961$ & $-0.00568209$ & $1$ & $0.0418382$ & $0.0215952$ & $-0.0237417$ & $0.0529902$ & $0.0296719$ & $-0.00277078$ & $0.00329674$ & $-0.0120022$ & $-0.00895417$ & $-0.00515512$ & $0.00478443$ & $0.00990247$ & $0.00624236$ & $-0.00495134$ & $0.00820256$ & $-0.0139193$ & $0.00468959$ & $0.0138949$ & $-0.0187598$ & $-0.0113409$ \\
CeH_33r & $0.044269$ & $0.00355958$ & $-0.0210402$ & $-0.0368787$ & $-0.0139798$ & $-0.0128425$ & $-0.152089$ & $0.0796475$ & $0.0961576$ & $-0.11338$ & $-0.0457291$ & $0.309475$ & $0.232758$ & $-0.0355789$ & $0.0370085$ & $0.0461698$ & $-0.0723015$ & $-0.0854572$ & $-0.0933825$ & $0.0465395$ & $0.0446121$ & $0.0404706$ & $0.000262624$ & $-0.0778761$ & $-0.0888711$ & $-0.0206002$ & $0.00715054$ & $0.00956203$ & $0.0418382$ & $1$ & $0.294891$ & $-0.00772597$ & $0.719803$ & $0.0309071$ & $-0.0326927$ & $-0.0441097$ & $-0.0398414$ & $-0.0148157$ & $0.0217774$ & $-0.027864$ & $-0.0294338$ & $-0.0060689$ & $-0.0330306$ & $0.00310697$ & $0.0211006$ & $0.0419348$ & $-0.0139681$ & $0.0049118$ & $-0.00693482$ \\
CuH_22r & $0.0746208$ & $-0.0446888$ & $-0.0372924$ & $0.0334789$ & $-0.0243595$ & $0.0148225$ & $-0.110404$ & $0.0290776$ & $0.0385263$ & $-0.0485986$ & $-0.0170684$ & $0.113603$ & $0.113471$ & $-0.015618$ & $0.00527943$ & $0.0196438$ & $-0.0279998$ & $-0.0252657$ & $-0.0354759$ & $0.0186582$ & $0.0149104$ & $0.0162946$ & $-0.00608497$ & $-0.0350508$ & $-0.0319064$ & $-0.00952491$ & $0.00160988$ & $0.0026582$ & $0.0215952$ & $0.294891$ & $1$ & $-0.0230333$ & $0.403488$ & $0.0167644$ & $-0.0238219$ & $-0.0530217$ & $-0.0404935$ & $-0.0260893$ & $0.0126184$ & $-0.0327229$ & $-0.0612177$ & $0.0055384$ & $-0.018276$ & $0.0404569$ & $-0.0625768$ & $0.0182553$ & $0.0752968$ & $-0.00326003$ & $0.000236812$ \\
CuH_33r & $-0.246153$ & $0.170152$ & $0.208073$ & $0.103672$ & $-0.0471762$ & $0.00325721$ & $0.93937$ & $-0.182833$ & $-0.135182$ & $0.162421$ & $0.14275$ & $-0.0822751$ & $-0.277778$ & $0.0115017$ & $-0.0262128$ & $-0.0281397$ & $0.0747828$ & $0.08955$ & $0.085576$ & $-0.136609$ & $-0.147162$ & $-0.151002$ & $-0.0749649$ & $0.137886$ & $0.0763173$ & $0.11665$ & $-0.126485$ & $-0.0501427$ & $-0.0237417$ & $-0.00772597$ & $-0.0230333$ & $1$ & $-0.0368524$ & $-0.121183$ & $0.335816$ & $0.159972$ & $0.440468$ & $-0.148332$ & $-0.319433$ & $0.0409302$ & $0.258883$ & $0.00595789$ & $0.0759407$ & $8.9604e-05$ & $-0.0581492$ & $-0.260757$ & $-0.0717568$ & $0.0214325$ & $-0.215083$ \\
CdH_33r & $0.0720091$ & $-0.0148314$ & $-0.0635188$ & $-0.0364888$ & $-0.0115817$ & $-0.00436913$ & $-0.231642$ & $0.103242$ & $0.123518$ & $-0.155781$ & $-0.061389$ & $0.386033$ & $0.311016$ & $-0.0459466$ & $0.0536307$ & $0.0383052$ & $-0.0860907$ & $-0.112097$ & $-0.103128$ & $0.0622611$ & $0.0607992$ & $0.0551848$ & $0.010764$ & $-0.104536$ & $-0.110466$ & $-0.0385375$ & $0.0120755$ & $0.00121518$ & $0.0529902$ & $0.719803$ & $0.403488$ & $-0.0368524$ & $1$ & $0.035677$ & $-0.0351314$ & $-0.0671114$ & $-0.0719716$ & $-0.0521126$ & $0.0842176$ & $-0.0650909$ & $-0.0791152$ & $-0.0170212$ & $-0.0341851$ & $-0.0130328$ & $-0.0163208$ & $0.0732621$ & $-0.0143892$ & $0.0159891$ & $0.0971804$ \\
CLL_1221 & $0.0306025$ & $0.00961575$ & $-0.00110137$ & $0.0239428$ & $0.0122198$ & $-0.129453$ & $-0.115118$ & $0.556389$ & $0.546487$ & $-0.341368$ & $-0.35659$ & $-0.0194521$ & $0.188657$ & $-0.212168$ & $-0.596583$ & $-0.0970097$ & $-0.238053$ & $0.0439897$ & $-0.331387$ & $0.278408$ & $0.442072$ & $0.441808$ & $0.194238$ & $-0.620926$ & $-0.194628$ & $-0.243923$ & $0.673282$ & $0.143853$ & $0.0296719$ & $0.0309071$ & $0.0167644$ & $-0.121183$ & $0.035677$ & $1$ & $-0.0417492$ & $0.00451524$ & $-0.0163357$ & $0.0150875$ & $-0.0282746$ & $0.0354181$ & $0.020835$ & $0.01799$ & $-0.0431897$ & $0.0334882$ & $-0.0315234$ & $0.035748$ & $0.0168909$ & $0.0119371$ & $-0.005474$ \\
eHggint & $-0.470921$ & $-0.0558901$ & $-0.0559345$ & $0.000429985$ & $-0.0982515$ & $0.0168597$ & $0.30338$ & $-0.0599041$ & $-0.0544666$ & $0.0588057$ & $0.042574$ & $-0.0674545$ & $-0.147391$ & $0.0193571$ & $-0.00416799$ & $-0.0294229$ & $0.0391641$ & $0.0351879$ & $0.0570746$ & $-0.0451464$ & $-0.0420707$ & $-0.0447816$ & $-0.0350228$ & $0.0555537$ & $0.0502748$ & $0.0535134$ & $-0.0278461$ & $-0.0266659$ & $-0.00277078$ & $-0.0326927$ & $-0.0238219$ & $0.335816$ & $-0.0351314$ & $-0.0417492$ & $1$ & $0.113054$ & $0.240342$ & $0.0105166$ & $0.0826835$ & $0.012696$ & $0.0240136$ & $0.0418843$ & $-0.0718892$ & $-0.0368049$ & $-0.310904$ & $-0.0854228$ & $-0.0567525$ & $0.474979$ & $-0.0528464$ \\
eHggpar & $-0.597968$ & $0.106439$ & $0.402049$ & $0.135013$ & $0.053796$ & $-0.0185165$ & $0.148402$ & $-0.0296416$ & $-0.0225253$ & $0.0738425$ & $0.034175$ & $0.00145409$ & $-0.0864591$ & $-0.020594$ & $-0.0259696$ & $-0.0421193$ & $0.00837865$ & $0.0110587$ & $0.0210668$ & $-0.0349362$ & $-0.027088$ & $-0.0318661$ & $0.0237988$ & $0.0289418$ & $0.035565$ & $0.00658885$ & $0.0209973$ & $0.039904$ & $0.00329674$ & $-0.0441097$ & $-0.0530217$ & $0.159972$ & $-0.0671114$ & $0.00451524$ & $0.113054$ & $1$ & $0.566019$ & $0.0260715$ & $-0.250511$ & $-0.0631122$ & $0.707685$ & $0.0830948$ & $0.0173343$ & $0.154847$ & $0.101802$ & $-0.196921$ & $-0.282951$ & $0.194062$ & $-0.236225$ \\
eHWWint & $-0.484684$ & $-0.00795602$ & $0.275384$ & $0.326586$ & $0.0664859$ & $-0.0111741$ & $0.418348$ & $-0.0285394$ & $-0.00674137$ & $0.0527288$ & $0.0176579$ & $-0.0513456$ & $-0.138797$ & $0.010111$ & $2.59383e-05$ & $0.00126073$ & $0.0347444$ & $0.0236524$ & $0.0192455$ & $-0.0188113$ & $-0.0166212$ & $-0.0204355$ & $-0.0400905$ & $0.0311028$ & $0.0148529$ & $0.0291242$ & $-0.0491138$ & $0.0159184$ & $-0.0120022$ & $-0.0398414$ & $-0.0404935$ & $0.440468$ & $-0.0719716$ & $-0.0163357$ & $0.240342$ & $0.566019$ & $1$ & $-0.0587844$ & $-0.50507$ & $-0.113912$ & $0.512403$ & $0.229666$ & $0.14322$ & $-0.114504$ & $0.0306518$ & $0.0224912$ & $-0.0352133$ & $0.310575$ & $-0.259106$ \\
eHWWpar & $-0.0818117$ & $0.0584165$ & $0.154554$ & $-0.134021$ & $-0.0338917$ & $-0.013045$ & $-0.144238$ & $-0.00259512$ & $-0.0158228$ & $0.00403377$ & $0.00079513$ & $0.0178885$ & $0.0367083$ & $-0.00332783$ & $-0.0129168$ & $0.037261$ & $0.00786299$ & $0.0153417$ & $-0.0198483$ & $0.0011293$ & $-0.00364176$ & $0.00193601$ & $-0.00117451$ & $-0.0035406$ & $0.00362146$ & $-0.00402422$ & $-0.0118223$ & $0.000294207$ & $-0.00895417$ & $-0.0148157$ & $-0.0260893$ & $-0.148332$ & $-0.0521126$ & $0.0150875$ & $0.0105166$ & $0.0260715$ & $-0.0587844$ & $1$ & $-0.00624991$ & $-0.156552$ & $0.233146$ & $-0.000246022$ & $-0.180486$ & $-0.0785587$ & $0.237804$ & $-0.145788$ & $-0.139616$ & $-0.133423$ & $-0.114969$ \\
eHZZint & $0.258645$ & $-0.204011$ & $-0.0871191$ & $-0.340691$ & $0.0240362$ & $-0.00353431$ & $-0.316739$ & $-0.0379378$ & $-0.0614493$ & $-0.00385266$ & $0.0485616$ & $0.0417921$ & $0.0769105$ & $-0.033435$ & $-0.006191$ & $-0.0255865$ & $-0.0218863$ & $-0.0147022$ & $0.00122412$ & $-0.0466806$ & $-0.0483883$ & $-0.049886$ & $0.0554406$ & $0.00979208$ & $-0.0217665$ & $-0.0102137$ & $-0.016981$ & $-0.011393$ & $-0.00515512$ & $0.0217774$ & $0.0126184$ & $-0.319433$ & $0.0842176$ & $-0.0282746$ & $0.0826835$ & $-0.250511$ & $-0.50507$ & $-0.00624991$ & $1$ & $0.0362922$ & $-0.52762$ & $-0.229146$ & $-0.248071$ & $0.0253805$ & $0.011863$ & $0.196316$ & $-0.0537524$ & $0.0494229$ & $0.578524$ \\
eHZZpar & $0.0701457$ & $-0.111226$ & $-0.00725416$ & $-0.00453345$ & $-0.00316022$ & $-0.0416137$ & $0.0489948$ & $-0.00784855$ & $-0.00841283$ & $0.0336143$ & $-0.00959161$ & $-0.0319532$ & $-0.0405636$ & $0.0274832$ & $-0.0455451$ & $-0.0347477$ & $0.0476553$ & $0.0635513$ & $0.0536123$ & $0.00542013$ & $0.014806$ & $0.0154193$ & $0.0394532$ & $0.0184877$ & $0.048427$ & $-0.0368004$ & $0.0320695$ & $-0.0161956$ & $0.00478443$ & $-0.027864$ & $-0.0327229$ & $0.0409302$ & $-0.0650909$ & $0.0354181$ & $0.012696$ & $-0.0631122$ & $-0.113912$ & $-0.156552$ & $0.0362922$ & $1$ & $-0.0708759$ & $0.0650142$ & $0.0687795$ & $0.187463$ & $-0.0240254$ & $0.139817$ & $-0.0818694$ & $0.0152793$ & $-0.142097$ \\
eHZgaint & $-0.47998$ & $0.380764$ & $0.487294$ & $-0.0481876$ & $0.0292755$ & $-0.00176436$ & $0.244729$ & $-0.0262373$ & $-0.0164583$ & $0.0549167$ & $0.0361196$ & $0.0308978$ & $-0.0268046$ & $-0.0218687$ & $-0.0425021$ & $-0.0285537$ & $-0.0124092$ & $0.0126195$ & $-0.00026654$ & $-0.0355811$ & $-0.0293736$ & $-0.0277675$ & $-0.0113342$ & $0.0087719$ & $0.0237019$ & $0.029912$ & $0.0216513$ & $0.0259588$ & $0.00990247$ & $-0.0294338$ & $-0.0612177$ & $0.258883$ & $-0.0791152$ & $0.020835$ & $0.0240136$ & $0.707685$ & $0.512403$ & $0.233146$ & $-0.52762$ & $-0.0708759$ & $1$ & $0.2286$ & $-0.131235$ & $0.091241$ & $0.277935$ & $-0.339192$ & $-0.331053$ & $0.0344772$ & $-0.463249$ \\
eHZgapar & $0.0443037$ & $0.0998498$ & $0.0799229$ & $0.0396693$ & $0.0570645$ & $0.0130752$ & $0.0103718$ & $0.0517902$ & $0.0537014$ & $-0.00979595$ & $-0.0529631$ & $0.00222008$ & $-0.00511372$ & $0.0199158$ & $0.0344425$ & $0.0247003$ & $0.00621502$ & $-0.0175207$ & $-0.00982345$ & $0.0529243$ & $0.0511754$ & $0.0605687$ & $-0.0570619$ & $-0.0287389$ & $-0.02387$ & $0.00940489$ & $-0.00526829$ & $0.0266869$ & $0.00624236$ & $-0.0060689$ & $0.0055384$ & $0.00595789$ & $-0.0170212$ & $0.01799$ & $0.0418843$ & $0.0830948$ & $0.229666$ & $-0.000246022$ & $-0.229146$ & $0.0650142$ & $0.2286$ & $1$ & $-0.112672$ & $0.161085$ & $0.0566901$ & $0.0448296$ & $0.091881$ & $0.0114089$ & $-0.194533$ \\
eHgagaint & $-0.385403$ & $-0.034717$ & $-0.398149$ & $0.367972$ & $-0.0215905$ & $0.00509466$ & $0.0862518$ & $-0.0125068$ & $0.0108072$ & $0.0197257$ & $-0.00906925$ & $-0.0377662$ & $-0.0476296$ & $0.0445263$ & $0.0299452$ & $0.0186443$ & $0.0278964$ & $0.017421$ & $0.0284023$ & $0.0115429$ & $0.00471426$ & $-0.000236504$ & $-0.033545$ & $0.0363763$ & $0.0403664$ & $0.021384$ & $-0.0212769$ & $-0.0335994$ & $-0.00495134$ & $-0.0330306$ & $-0.018276$ & $0.0759407$ & $-0.0341851$ & $-0.0431897$ & $-0.0718892$ & $0.0173343$ & $0.14322$ & $-0.180486$ & $-0.248071$ & $0.0687795$ & $-0.131235$ & $-0.112672$ & $1$ & $-0.597228$ & $0.00602163$ & $0.329961$ & $-0.165538$ & $0.0367926$ & $-0.0190498$ \\
eHmumuint & $0.313216$ & $-0.0359873$ & $0.373816$ & $0.066515$ & $0.0268085$ & $0.0119735$ & $-0.00749629$ & $-0.01491$ & $-0.0220138$ & $0.0311384$ & $0.0270222$ & $0.0398572$ & $0.00600582$ & $-0.0300398$ & $-0.0505128$ & $-0.033777$ & $-0.0137472$ & $0.0127397$ & $-0.00227827$ & $-0.0303493$ & $-0.0234533$ & $-0.0184605$ & $0.0478681$ & $-0.00465898$ & $0.000819092$ & $-0.0245795$ & $0.0354572$ & $0.0269094$ & $0.00820256$ & $0.00310697$ & $0.0404569$ & $8.9604e-05$ & $-0.0130328$ & $0.0334882$ & $-0.0368049$ & $0.154847$ & $-0.114504$ & $-0.0785587$ & $0.0253805$ & $0.187463$ & $0.091241$ & $0.161085$ & $-0.597228$ & $1$ & $-0.340816$ & $-0.358185$ & $0.302426$ & $-0.0563112$ & $-0.283672$ \\
eHtautauint & $-0.0394903$ & $0.191681$ & $0.196128$ & $-0.567479$ & $0.0249901$ & $-0.0230932$ & $-0.053057$ & $-0.0212717$ & $-0.0227813$ & $-0.0290255$ & $0.0359754$ & $0.0226473$ & $0.0509398$ & $-0.0507014$ & $0.0253758$ & $-0.0079568$ & $-0.0229324$ & $-0.0432471$ & $-0.0170839$ & $-0.0280781$ & $-0.0356867$ & $-0.0288056$ & $-0.0109249$ & $-0.000382112$ & $-0.0253827$ & $0.0304474$ & $-0.0209639$ & $0.0163166$ & $-0.0139193$ & $0.0211006$ & $-0.0625768$ & $-0.0581492$ & $-0.0163208$ & $-0.0315234$ & $-0.310904$ & $0.101802$ & $0.0306518$ & $0.237804$ & $0.011863$ & $-0.0240254$ & $0.277935$ & $0.0566901$ & $0.00602163$ & $-0.340816$ & $1$ & $0.030968$ & $-0.35899$ & $-0.0962605$ & $-0.0865003$ \\
eHccint & $-0.0503533$ & $-0.281742$ & $-0.628292$ & $0.105923$ & $-0.00443878$ & $0.0207786$ & $-0.253189$ & $0.0657343$ & $0.061634$ & $-0.0112493$ & $-0.0461937$ & $0.138757$ & $0.190387$ & $-0.0126725$ & $0.0136549$ & $0.0127937$ & $-0.0386472$ & $-0.0464076$ & $-0.0412177$ & $0.0401008$ & $0.0471306$ & $0.0464502$ & $0.0303715$ & $-0.0500501$ & $-0.0574384$ & $-0.0449435$ & $0.0175215$ & $-0.0185195$ & $0.00468959$ & $0.0419348$ & $0.0182553$ & $-0.260757$ & $0.0732621$ & $0.035748$ & $-0.0854228$ & $-0.196921$ & $0.0224912$ & $-0.145788$ & $0.196316$ & $0.139817$ & $-0.339192$ & $0.0448296$ & $0.329961$ & $-0.358185$ & $0.030968$ & $1$ & $-0.0922341$ & $0.381852$ & $0.155212$ \\
eHccpar & $0.541576$ & $-0.311376$ & $0.130042$ & $0.110078$ & $0.0680881$ & $0.0227023$ & $-0.0583639$ & $0.0789498$ & $0.0714097$ & $-0.0267318$ & $-0.112011$ & $-0.0561939$ & $-0.0368324$ & $0.088864$ & $0.0505656$ & $0.0318428$ & $0.0636027$ & $0.0286065$ & $0.0408734$ & $0.11087$ & $0.107048$ & $0.106303$ & $-0.00236649$ & $-0.0122555$ & $0.0214315$ & $-0.0720148$ & $0.0164951$ & $0.0337977$ & $0.0138949$ & $-0.0139681$ & $0.0752968$ & $-0.0717568$ & $-0.0143892$ & $0.0168909$ & $-0.0567525$ & $-0.282951$ & $-0.0352133$ & $-0.139616$ & $-0.0537524$ & $-0.0818694$ & $-0.331053$ & $0.091881$ & $-0.165538$ & $0.302426$ & $-0.35899$ & $-0.0922341$ & $1$ & $-0.189795$ & $0.0544921$ \\
eHbbint & $-0.410259$ & $-0.420384$ & $-0.261092$ & $0.210405$ & $-0.00168681$ & $0.00248971$ & $0.00280056$ & $0.00764856$ & $0.00710678$ & $0.05867$ & $-0.00777971$ & $0.0330053$ & $-0.0187424$ & $0.0132975$ & $-0.00939689$ & $-0.0193375$ & $0.0117354$ & $0.0102274$ & $0.0216441$ & $-0.00028263$ & $0.0106323$ & $0.00424753$ & $0.0231782$ & $0.0110494$ & $0.0217929$ & $-0.00993613$ & $0.0232795$ & $-0.00338068$ & $-0.0187598$ & $0.0049118$ & $-0.00326003$ & $0.0214325$ & $0.0159891$ & $0.0119371$ & $0.474979$ & $0.194062$ & $0.310575$ & $-0.133423$ & $0.0494229$ & $0.0152793$ & $0.0344772$ & $0.0114089$ & $0.0367926$ & $-0.0563112$ & $-0.0962605$ & $0.381852$ & $-0.189795$ & $1$ & $-0.195494$ \\
eHbbpar & $0.302664$ & $-0.0175901$ & $-0.118678$ & $-0.13675$ & $0.0430662$ & $-0.0155069$ & $-0.199201$ & $0.0132857$ & $0.000476722$ & $-0.0555267$ & $-0.00717423$ & $-0.0447521$ & $0.00817794$ & $-0.0140338$ & $0.0224385$ & $-0.000538804$ & $-0.00853528$ & $-0.0277533$ & $-0.00986083$ & $0.00735276$ & $0.00823229$ & $0.00478648$ & $0.0089984$ & $-0.0254564$ & $-0.0418531$ & $-0.0205881$ & $-0.0238049$ & $-0.00750692$ & $-0.0113409$ & $-0.00693482$ & $0.000236812$ & $-0.215083$ & $0.0971804$ & $-0.005474$ & $-0.0528464$ & $-0.236225$ & $-0.259106$ & $-0.114969$ & $0.578524$ & $-0.142097$ & $-0.463249$ & $-0.194533$ & $-0.0190498$ & $-0.283672$ & $-0.0865003$ & $0.155212$ & $0.0544921$ & $-0.195494$ & $1$ \\
