 & AlsMz & dAle5Mz & mtop & mHl & Mz & CW & CHG & CHWB & CHWHB_gaga & CHWHB_gagaorth & CHD & CHbox & CH & CHL1_11 & CHL1_22 & CHL1_33 & CHL3_11 & CHL3_22 & CHL3_33 & CHe_11 & CHe_22 & CHe_33 & CHQ1_11 & CHQ1_33 & CHQ3_11 & CHu_11 & CHd_11 & CHd_33 & CeH_22r & CeH_33r & CuH_22r & CuH_33r & CdH_33r & CLL_1221 & eHggint & eHggpar & eHWWint & eHWWpar & eHZZint & eHZZpar & eHZgaint & eHZgapar & eHgagaint & eHmumuint & eHtautauint & eHccint & eHccpar & eHbbint & eHbbpar \\
AlsMz & $1$ & $-0.02003$ & $-0.0692546$ & $0.15634$ & $-0.0225027$ & $0.0355972$ & $-0.0342553$ & $-0.0577159$ & $-0.0509993$ & $0.0167962$ & $0.037975$ & $0.0101494$ & $-0.0124174$ & $0.00763301$ & $-0.00859149$ & $-0.0204728$ & $0.0197938$ & $0.026708$ & $0.0416771$ & $-0.0458417$ & $-0.0489905$ & $-0.0384418$ & $-0.0305752$ & $-0.000498213$ & $-0.0492296$ & $0.0220989$ & $-0.0296652$ & $-0.0382382$ & $-0.0025719$ & $-0.00280378$ & $0.0856375$ & $-0.0294097$ & $-0.042627$ & $-0.0474399$ & $0.0790401$ & $0.0823207$ & $-0.0581937$ & $-0.0315475$ & $0.0234714$ & $-0.0265765$ & $0.145134$ & $-0.0407637$ & $0.111937$ & $0.107604$ & $-0.0809867$ & $-0.218871$ & $-0.000203929$ & $0.225322$ & $-0.182174$ \\
dAle5Mz & $-0.02003$ & $1$ & $-0.0403246$ & $-0.169757$ & $0.0222931$ & $0.0295741$ & $-0.000400949$ & $-0.118134$ & $-0.115413$ & $0.0381321$ & $0.108473$ & $0.0848388$ & $-0.0720962$ & $-0.07027$ & $-0.0265796$ & $-0.0442969$ & $0.0200504$ & $0.00521328$ & $0.0173921$ & $-0.0828406$ & $-0.0841102$ & $-0.0811529$ & $0.0140997$ & $0.0399834$ & $0.0203228$ & $0.0556534$ & $-0.0054795$ & $-0.0718522$ & $-0.00802985$ & $-0.101098$ & $-0.0352988$ & $-0.00013644$ & $-0.00345424$ & $-0.00279034$ & $0.123285$ & $0.167553$ & $0.157988$ & $0.0859448$ & $-0.0456995$ & $0.0131229$ & $0.119531$ & $-0.015003$ & $0.123463$ & $0.0381037$ & $-0.149808$ & $-0.147267$ & $0.0381021$ & $0.0620918$ & $0.175021$ \\
mtop & $-0.0692546$ & $-0.0403246$ & $1$ & $-0.0126558$ & $0.000136726$ & $-0.0337722$ & $0.0220874$ & $0.0387996$ & $0.0376969$ & $0.0506284$ & $-0.040274$ & $0.0117867$ & $0.00243272$ & $-0.00698532$ & $-0.0374771$ & $0.0166118$ & $0.055335$ & $0.0431104$ & $-0.00101163$ & $0.0426745$ & $0.0505769$ & $0.0572703$ & $-0.0254362$ & $-0.0212788$ & $0.0453314$ & $-0.0257511$ & $0.0529915$ & $0.00200222$ & $-0.0200336$ & $0.00247097$ & $0.00133838$ & $0.0231662$ & $-0.039532$ & $0.0891472$ & $0.106142$ & $-0.0643922$ & $-0.111635$ & $-0.0280608$ & $-0.134906$ & $-0.0128436$ & $0.133971$ & $0.00916907$ & $-0.0432374$ & $0.0670744$ & $0.142303$ & $0.327137$ & $0.0456587$ & $-0.0268594$ & $-0.0501716$ \\
mHl & $0.15634$ & $-0.169757$ & $-0.0126558$ & $1$ & $-0.0767554$ & $-0.0702187$ & $0.0457445$ & $-0.0209029$ & $-0.0162119$ & $-0.0152762$ & $0.0156006$ & $-0.00917536$ & $0.0150575$ & $-0.0110338$ & $0.0352998$ & $-0.020091$ & $-0.00393851$ & $-0.0192461$ & $0.0210035$ & $-0.0114851$ & $-0.0267476$ & $-0.0343995$ & $-0.0529484$ & $-0.00414349$ & $-0.00297074$ & $0.0588686$ & $-0.0265585$ & $-0.0307796$ & $-0.00572445$ & $0.00449167$ & $0.0767864$ & $0.0678471$ & $0.0174775$ & $-0.0705188$ & $0.132685$ & $0.0921283$ & $-0.158534$ & $-0.0336662$ & $0.0644549$ & $-0.0457373$ & $0.176851$ & $-0.0325948$ & $0.00475837$ & $0.0480956$ & $0.0167825$ & $-0.0683867$ & $0.0220543$ & $-0.059281$ & $-0.0276222$ \\
Mz & $-0.0225027$ & $0.0222931$ & $0.000136726$ & $-0.0767554$ & $1$ & $-0.0220516$ & $0.0217804$ & $-0.00148107$ & $0.000544837$ & $0.0129524$ & $0.00326913$ & $0.0181652$ & $-0.019674$ & $0.0260644$ & $0.0173331$ & $-0.00150112$ & $0.00508702$ & $0.000449795$ & $0.0105775$ & $0.00564657$ & $0.005144$ & $-0.00251727$ & $-0.00130232$ & $0.0125372$ & $-0.00468538$ & $-0.00802248$ & $-0.021257$ & $0.000788784$ & $-0.0422094$ & $-0.0375558$ & $-0.00903426$ & $0.0165452$ & $-0.000683765$ & $-0.0190469$ & $-0.0450975$ & $-0.0181865$ & $-0.0454369$ & $-0.0195038$ & $-0.0565958$ & $0.00864227$ & $-0.044414$ & $0.0106607$ & $-0.00647715$ & $0.0150294$ & $0.0391853$ & $-0.00636163$ & $0.0627959$ & $-0.0497995$ & $0.0304976$ \\
CW & $0.0355972$ & $0.0295741$ & $-0.0337722$ & $-0.0702187$ & $-0.0220516$ & $1$ & $-0.0310823$ & $-0.127501$ & $-0.121309$ & $0.00828227$ & $0.186929$ & $0.0336934$ & $-0.0134922$ & $0.0230924$ & $-0.0894048$ & $-0.0850087$ & $-0.253676$ & $-0.0428474$ & $-0.042524$ & $-0.188782$ & $-0.189744$ & $-0.182598$ & $0.0278765$ & $0.00405464$ & $-0.0890812$ & $0.0894896$ & $-0.0721003$ & $-0.0756992$ & $-0.0283504$ & $0.0173858$ & $-0.00569688$ & $-0.0183827$ & $0.0147843$ & $-0.115721$ & $-0.0666966$ & $0.0173415$ & $-0.0279008$ & $-0.00161018$ & $0.00187542$ & $0.0106452$ & $-0.0156482$ & $-0.0206825$ & $-0.00554313$ & $0.024289$ & $0.0226377$ & $-0.0182063$ & $-0.000674451$ & $0.019355$ & $-0.0299087$ \\
CHG & $-0.0342553$ & $-0.000400949$ & $0.0220874$ & $0.0457445$ & $0.0217804$ & $-0.0310823$ & $1$ & $-0.139806$ & $-0.0859202$ & $0.096649$ & $0.0841449$ & $0.300127$ & $-0.334313$ & $0.0591067$ & $-0.0604471$ & $-0.0400167$ & $0.118439$ & $0.143351$ & $0.126437$ & $-0.0824466$ & $-0.086007$ & $-0.0851911$ & $-0.0167846$ & $0.127741$ & $0.134327$ & $0.0661275$ & $-0.03986$ & $-0.0281188$ & $0.0104172$ & $-0.149597$ & $-0.0847383$ & $0.928059$ & $-0.189251$ & $-0.0602974$ & $-0.013833$ & $-0.0353946$ & $-0.018553$ & $-0.00339177$ & $-0.00446$ & $0.0229113$ & $0.0186354$ & $0.0177753$ & $0.0104725$ & $0.00969181$ & $-0.0586451$ & $-0.0293656$ & $0.030591$ & $-0.000863382$ & $-0.0345612$ \\
CHWB & $-0.0577159$ & $-0.118134$ & $0.0387996$ & $-0.0209029$ & $-0.00148107$ & $-0.127501$ & $-0.139806$ & $1$ & $0.984301$ & $-0.557739$ & $-0.876629$ & $-0.442033$ & $0.360813$ & $0.10083$ & $0.32222$ & $0.294206$ & $-0.25338$ & $-0.440839$ & $-0.427785$ & $0.849215$ & $0.891911$ & $0.878001$ & $0.0543062$ & $-0.673533$ & $-0.425219$ & $-0.527403$ & $0.376454$ & $0.289924$ & $0.0136295$ & $0.117673$ & $0.0573953$ & $-0.133619$ & $0.12248$ & $0.556076$ & $-0.0357786$ & $-0.0032726$ & $-0.0135118$ & $-0.0203367$ & $-0.00815099$ & $0.0163022$ & $-0.0502474$ & $0.0479228$ & $0.0326693$ & $-0.0266979$ & $0.0147858$ & $0.0211941$ & $0.00961138$ & $-0.0278638$ & $-0.0113454$ \\
CHWHB_gaga & $-0.0509993$ & $-0.115413$ & $0.0376969$ & $-0.0162119$ & $0.000544837$ & $-0.121309$ & $-0.0859202$ & $0.984301$ & $1$ & $-0.55428$ & $-0.859886$ & $-0.432089$ & $0.358228$ & $0.0942668$ & $0.317325$ & $0.28624$ & $-0.256547$ & $-0.439446$ & $-0.423683$ & $0.833364$ & $0.875248$ & $0.862737$ & $0.0525683$ & $-0.666246$ & $-0.424256$ & $-0.51795$ & $0.370093$ & $0.285838$ & $0.030912$ & $0.143361$ & $0.065045$ & $-0.0896752$ & $0.136798$ & $0.546362$ & $-0.0517829$ & $-0.0152157$ & $-0.030481$ & $-0.0246028$ & $-0.0052203$ & $0.0161264$ & $-0.0499823$ & $0.0361836$ & $0.0919231$ & $-0.0241769$ & $0.000649213$ & $0.00170988$ & $0.00587266$ & $-0.0264383$ & $-0.0322039$ \\
CHWHB_gagaorth & $0.0167962$ & $0.0381321$ & $0.0506284$ & $-0.0152762$ & $0.0129524$ & $0.00828227$ & $0.096649$ & $-0.557739$ & $-0.55428$ & $1$ & $0.325868$ & $0.495972$ & $-0.25061$ & $0.252076$ & $-0.139149$ & $-0.143729$ & $0.472989$ & $0.513674$ & $0.520086$ & $-0.312885$ & $-0.338934$ & $-0.337575$ & $-0.0509092$ & $0.56736$ & $0.51907$ & $0.214151$ & $-0.18442$ & $-0.121221$ & $-0.00170668$ & $-0.137063$ & $-0.0519891$ & $0.102323$ & $-0.165842$ & $-0.335474$ & $0.0316993$ & $-0.0353366$ & $0.0300079$ & $0.0149608$ & $0.00214535$ & $-0.0233777$ & $0.0206227$ & $-0.0082099$ & $-0.0650993$ & $-0.00166583$ & $0.0101393$ & $0.0761662$ & $0.0153263$ & $7.8809e-05$ & $-0.018431$ \\
CHD & $0.037975$ & $0.108473$ & $-0.040274$ & $0.0156006$ & $0.00326913$ & $0.186929$ & $0.0841449$ & $-0.876629$ & $-0.859886$ & $0.325868$ & $1$ & $0.295904$ & $-0.189509$ & $-0.519551$ & $-0.429233$ & $-0.403666$ & $-0.209738$ & $0.062107$ & $0.0573965$ & $-0.990337$ & $-0.991477$ & $-0.969771$ & $-0.00705544$ & $0.304185$ & $0.0411419$ & $0.589403$ & $-0.2516$ & $-0.325236$ & $-0.0131033$ & $-0.0589705$ & $-0.04699$ & $0.0996152$ & $-0.0603473$ & $-0.365983$ & $0.0285858$ & $0.0387323$ & $0.015196$ & $0.00725664$ & $0.00303093$ & $-0.0155065$ & $0.0502204$ & $-0.0407524$ & $-0.0262785$ & $0.0319047$ & $-0.0177156$ & $-0.0541411$ & $-0.0255138$ & $0.0242566$ & $0.0136262$ \\
CHbox & $0.0101494$ & $0.0848388$ & $0.0117867$ & $-0.00917536$ & $0.0181652$ & $0.0336934$ & $0.300127$ & $-0.442033$ & $-0.432089$ & $0.495972$ & $0.295904$ & $1$ & $-0.898953$ & $0.123388$ & $-0.0996108$ & $-0.0938458$ & $0.290964$ & $0.333048$ & $0.326929$ & $-0.278865$ & $-0.307866$ & $-0.3081$ & $-0.0610637$ & $0.401703$ & $0.330028$ & $0.218963$ & $-0.177903$ & $-0.102285$ & $-0.0101193$ & $-0.172907$ & $-0.0984925$ & $0.271932$ & $-0.212512$ & $-0.274584$ & $0.0365171$ & $-0.0269509$ & $-0.000897677$ & $-0.00472463$ & $-0.0269888$ & $0.0254198$ & $0.00461955$ & $-0.0325996$ & $-0.0597756$ & $-0.0144146$ & $-0.00429565$ & $0.0351564$ & $0.000497913$ & $-0.0242898$ & $0.013427$ \\
CH & $-0.0124174$ & $-0.0720962$ & $0.00243272$ & $0.0150575$ & $-0.019674$ & $-0.0134922$ & $-0.334313$ & $0.360813$ & $0.358228$ & $-0.25061$ & $-0.189509$ & $-0.898953$ & $1$ & $-0.212348$ & $0.0914821$ & $0.0756087$ & $-0.342753$ & $-0.373011$ & $-0.3579$ & $0.181943$ & $0.198561$ & $0.200975$ & $0.0532474$ & $-0.380825$ & $-0.356$ & $-0.151025$ & $0.138665$ & $0.0624721$ & $0.0277132$ & $0.28094$ & $0.121188$ & $-0.262387$ & $0.339634$ & $0.212305$ & $-0.00486244$ & $0.0442455$ & $0.00670634$ & $0.00662337$ & $0.026414$ & $-0.0343025$ & $0.00989056$ & $0.0306778$ & $0.0358744$ & $0.0171006$ & $0.0114507$ & $-0.0211722$ & $-0.00453231$ & $0.0247517$ & $-0.0263487$ \\
CHL1_11 & $0.00763301$ & $-0.07027$ & $-0.00698532$ & $-0.0110338$ & $0.0260644$ & $0.0230924$ & $0.0591067$ & $0.10083$ & $0.0942668$ & $0.252076$ & $-0.519551$ & $0.123388$ & $-0.212348$ & $1$ & $0.235525$ & $0.246724$ & $0.666546$ & $0.617603$ & $0.594767$ & $0.533713$ & $0.483651$ & $0.465609$ & $-0.0563398$ & $0.46249$ & $0.591562$ & $-0.297506$ & $-0.0925196$ & $0.148799$ & $-0.00429896$ & $-0.0588042$ & $-0.00320001$ & $0.0201218$ & $-0.0716747$ & $-0.186366$ & $-0.0372174$ & $-0.0539371$ & $-0.0163101$ & $0.0038291$ & $-0.0118164$ & $0.0116657$ & $-0.0431813$ & $0.00834837$ & $-0.00844137$ & $-0.00145928$ & $0.0332657$ & $0.0807219$ & $0.0305756$ & $-0.0153025$ & $-0.000923735$ \\
CHL1_22 & $-0.00859149$ & $-0.0265796$ & $-0.0374771$ & $0.0352998$ & $0.0173331$ & $-0.0894048$ & $-0.0604471$ & $0.32222$ & $0.317325$ & $-0.139149$ & $-0.429233$ & $-0.0996108$ & $0.0914821$ & $0.235525$ & $1$ & $0.449971$ & $0.137134$ & $-0.458249$ & $-0.0736853$ & $0.493442$ & $0.348168$ & $0.333245$ & $-0.130601$ & $0.0752454$ & $-0.174692$ & $-0.237649$ & $-0.400198$ & $0.120501$ & $0.00283081$ & $0.00878901$ & $-0.0159163$ & $-0.0581644$ & $0.0261594$ & $-0.576574$ & $0.02839$ & $0.00343388$ & $-0.0305707$ & $0.00800842$ & $0.0115775$ & $0.00532644$ & $-0.0204715$ & $0.00955361$ & $0.0296085$ & $0.0264473$ & $0.0246631$ & $0.0525941$ & $-0.0054564$ & $-0.0268366$ & $-0.0207143$ \\
CHL1_33 & $-0.0204728$ & $-0.0442969$ & $0.0166118$ & $-0.020091$ & $-0.00150112$ & $-0.0850087$ & $-0.0400167$ & $0.294206$ & $0.28624$ & $-0.143729$ & $-0.403666$ & $-0.0938458$ & $0.0756087$ & $0.246724$ & $0.449971$ & $1$ & $0.129875$ & $-0.0453826$ & $-0.459482$ & $0.469389$ & $0.323353$ & $0.333528$ & $-0.160337$ & $0.109002$ & $-0.160961$ & $-0.210058$ & $-0.413583$ & $0.129126$ & $0.0389914$ & $-0.0133573$ & $0.00901075$ & $-0.0542494$ & $0.00923878$ & $-0.108294$ & $-0.0165805$ & $0.00369941$ & $-0.0287224$ & $0.0191112$ & $-0.0250575$ & $-0.0334025$ & $-0.0474524$ & $-0.00974974$ & $0.0221257$ & $-0.00418426$ & $0.00148604$ & $0.0152427$ & $0.035322$ & $-0.0184768$ & $-0.0211451$ \\
CHL3_11 & $0.0197938$ & $0.0200504$ & $0.055335$ & $-0.00393851$ & $0.00508702$ & $-0.253676$ & $0.118439$ & $-0.25338$ & $-0.256547$ & $0.472989$ & $-0.209738$ & $0.290964$ & $-0.342753$ & $0.666546$ & $0.137134$ & $0.129875$ & $1$ & $0.748641$ & $0.744988$ & $0.22993$ & $0.18184$ & $0.16541$ & $-0.0786612$ & $0.689134$ & $0.7755$ & $-0.103997$ & $-0.158039$ & $0.0769755$ & $-0.00247939$ & $-0.120705$ & $-0.0214949$ & $0.0725455$ & $-0.133719$ & $-0.249898$ & $0.0321136$ & $-0.090182$ & $0.00469025$ & $0.0247732$ & $0.0153447$ & $-0.00302467$ & $0.0152912$ & $-0.0126329$ & $-0.00577942$ & $-0.0177835$ & $-0.00673394$ & $0.0738844$ & $0.0342766$ & $0.0106356$ & $-0.0153062$ \\
CHL3_22 & $0.026708$ & $0.00521328$ & $0.0431104$ & $-0.0192461$ & $0.000449795$ & $-0.0428474$ & $0.143351$ & $-0.440839$ & $-0.439446$ & $0.513674$ & $0.062107$ & $0.333048$ & $-0.373011$ & $0.617603$ & $-0.458249$ & $-0.0453826$ & $0.748641$ & $1$ & $0.693604$ & $-0.0662131$ & $-0.055491$ & $-0.0579301$ & $-0.0113822$ & $0.636446$ & $0.806802$ & $0.0468505$ & $0.00457022$ & $-0.0155289$ & $0.000548063$ & $-0.11299$ & $-0.00939354$ & $0.101027$ & $-0.131319$ & $0.0274055$ & $-0.0131564$ & $-0.0711672$ & $0.0101642$ & $0.0150207$ & $-0.0034779$ & $-0.00534119$ & $0.00694521$ & $-0.0189586$ & $-0.030384$ & $-0.0252136$ & $-0.00580609$ & $0.0351841$ & $0.0361388$ & $0.0157612$ & $0.00883601$ \\
CHL3_33 & $0.0416771$ & $0.0173921$ & $-0.00101163$ & $0.0210035$ & $0.0105775$ & $-0.042524$ & $0.126437$ & $-0.427785$ & $-0.423683$ & $0.520086$ & $0.0573965$ & $0.326929$ & $-0.3579$ & $0.594767$ & $-0.0736853$ & $-0.459482$ & $0.744988$ & $0.693604$ & $1$ & $-0.0647408$ & $-0.0474879$ & $-0.0471918$ & $0.0220677$ & $0.604157$ & $0.803286$ & $0.0328884$ & $0.0390829$ & $-0.0239481$ & $-0.017608$ & $-0.099617$ & $-0.0298224$ & $0.0956501$ & $-0.127987$ & $-0.309778$ & $0.0254304$ & $-0.0644197$ & $0.0125807$ & $0.0124717$ & $0.0250188$ & $0.0243446$ & $0.0281056$ & $-0.00666695$ & $-0.0254853$ & $-0.00451215$ & $0.0164473$ & $0.0577586$ & $0.00470945$ & $0.0075634$ & $-0.00500411$ \\
CHe_11 & $-0.0458417$ & $-0.0828406$ & $0.0426745$ & $-0.0114851$ & $0.00564657$ & $-0.188782$ & $-0.0824466$ & $0.849215$ & $0.833364$ & $-0.312885$ & $-0.990337$ & $-0.278865$ & $0.181943$ & $0.533713$ & $0.493442$ & $0.469389$ & $0.22993$ & $-0.0662131$ & $-0.0647408$ & $1$ & $0.973305$ & $0.951384$ & $-0.0104089$ & $-0.251933$ & $-0.0366176$ & $-0.582493$ & $0.178912$ & $0.321463$ & $0.0183897$ & $0.0500004$ & $0.0399577$ & $-0.098304$ & $0.0574045$ & $0.287925$ & $-0.0228606$ & $-0.03732$ & $-0.0158866$ & $-0.00133619$ & $-0.00193162$ & $0.0163491$ & $-0.0460788$ & $0.0369738$ & $0.0289519$ & $-0.0334745$ & $0.0147368$ & $0.0541591$ & $0.0253109$ & $-0.0284338$ & $-0.00667742$ \\
CHe_22 & $-0.0489905$ & $-0.0841102$ & $0.0505769$ & $-0.0267476$ & $0.005144$ & $-0.189744$ & $-0.086007$ & $0.891911$ & $0.875248$ & $-0.338934$ & $-0.991477$ & $-0.307866$ & $0.198561$ & $0.483651$ & $0.348168$ & $0.323353$ & $0.18184$ & $-0.055491$ & $-0.0474879$ & $0.973305$ & $1$ & $0.975215$ & $0.0291824$ & $-0.356008$ & $-0.0432373$ & $-0.589103$ & $0.330181$ & $0.325791$ & $0.010364$ & $0.0628003$ & $0.0478327$ & $-0.101465$ & $0.0629039$ & $0.450681$ & $-0.0273138$ & $-0.0406141$ & $-0.00666819$ & $-0.00958602$ & $-0.00606601$ & $0.0187563$ & $-0.0455716$ & $0.0441495$ & $0.0285795$ & $-0.0374437$ & $0.0119682$ & $0.0502584$ & $0.0249476$ & $-0.0271702$ & $-0.00771674$ \\
CHe_33 & $-0.0384418$ & $-0.0811529$ & $0.0572703$ & $-0.0343995$ & $-0.00251727$ & $-0.182598$ & $-0.0851911$ & $0.878001$ & $0.862737$ & $-0.337575$ & $-0.969771$ & $-0.3081$ & $0.200975$ & $0.465609$ & $0.333245$ & $0.333528$ & $0.16541$ & $-0.0579301$ & $-0.0471918$ & $0.951384$ & $0.975215$ & $1$ & $0.0369108$ & $-0.35777$ & $-0.0471747$ & $-0.577433$ & $0.334774$ & $0.32118$ & $0.0208733$ & $0.0581359$ & $0.0499271$ & $-0.100533$ & $0.0591981$ & $0.452962$ & $-0.0212463$ & $-0.0341176$ & $-0.00725528$ & $-0.00170563$ & $-0.00496979$ & $0.0178393$ & $-0.0330313$ & $0.0373815$ & $0.0386791$ & $-0.0365605$ & $0.0181349$ & $0.0486689$ & $0.0267541$ & $-0.0285411$ & $-0.00894944$ \\
CHQ1_11 & $-0.0305752$ & $0.0140997$ & $-0.0254362$ & $-0.0529484$ & $-0.00130232$ & $0.0278765$ & $-0.0167846$ & $0.0543062$ & $0.0525683$ & $-0.0509092$ & $-0.00705544$ & $-0.0610637$ & $0.0532474$ & $-0.0563398$ & $-0.130601$ & $-0.160337$ & $-0.0786612$ & $-0.0113822$ & $0.0220677$ & $-0.0104089$ & $0.0291824$ & $0.0369108$ & $1$ & $-0.122054$ & $0.0828021$ & $-0.655348$ & $0.320218$ & $-0.00766721$ & $0.00639045$ & $0.0272703$ & $0.0131727$ & $-0.0154579$ & $0.0157871$ & $0.14839$ & $-0.0207751$ & $-0.00520687$ & $0.0311913$ & $-0.0107194$ & $-0.0493617$ & $0.00746613$ & $0.0296646$ & $0.0013917$ & $-0.0310145$ & $-0.0136432$ & $-0.0474007$ & $-0.0119333$ & $-0.0554337$ & $0.00410315$ & $0.00204202$ \\
CHQ1_33 & $-0.000498213$ & $0.0399834$ & $-0.0212788$ & $-0.00414349$ & $0.0125372$ & $0.00405464$ & $0.127741$ & $-0.673533$ & $-0.666246$ & $0.56736$ & $0.304185$ & $0.401703$ & $-0.380825$ & $0.46249$ & $0.0752454$ & $0.109002$ & $0.689134$ & $0.636446$ & $0.604157$ & $-0.251933$ & $-0.356008$ & $-0.35777$ & $-0.122054$ & $1$ & $0.651757$ & $0.20245$ & $-0.399156$ & $-0.00468225$ & $-0.00156026$ & $-0.118031$ & $-0.0391836$ & $0.101028$ & $-0.123803$ & $-0.620181$ & $2.41092e-05$ & $-0.0616653$ & $0.005214$ & $0.0253593$ & $0.00308675$ & $-0.0235254$ & $0.000692623$ & $-0.0406122$ & $-0.0314544$ & $0.00877982$ & $0.0297096$ & $0.0359152$ & $0.0216823$ & $0.000823087$ & $0.0137541$ \\
CHQ3_11 & $-0.0492296$ & $0.0203228$ & $0.0453314$ & $-0.00297074$ & $-0.00468538$ & $-0.0890812$ & $0.134327$ & $-0.425219$ & $-0.424256$ & $0.51907$ & $0.0411419$ & $0.330028$ & $-0.356$ & $0.591562$ & $-0.174692$ & $-0.160961$ & $0.7755$ & $0.806802$ & $0.803286$ & $-0.0366176$ & $-0.0432373$ & $-0.0471747$ & $0.0828021$ & $0.651757$ & $1$ & $0.0388468$ & $0.228324$ & $-0.0109869$ & $-0.0223704$ & $-0.104232$ & $-0.0222066$ & $0.0987478$ & $-0.114346$ & $-0.196937$ & $0.013701$ & $-0.0809453$ & $-0.0174389$ & $0.0324948$ & $-0.000130794$ & $-0.00764239$ & $-0.000938313$ & $-0.0225175$ & $-0.0582157$ & $-0.0394273$ & $-0.0231884$ & $0.0644888$ & $0.00466808$ & $0.00315815$ & $0.0191278$ \\
CHu_11 & $0.0220989$ & $0.0556534$ & $-0.0257511$ & $0.0588686$ & $-0.00802248$ & $0.0894896$ & $0.0661275$ & $-0.527403$ & $-0.51795$ & $0.214151$ & $0.589403$ & $0.218963$ & $-0.151025$ & $-0.297506$ & $-0.237649$ & $-0.210058$ & $-0.103997$ & $0.0468505$ & $0.0328884$ & $-0.582493$ & $-0.589103$ & $-0.577433$ & $-0.655348$ & $0.20245$ & $0.0388468$ & $1$ & $-0.135385$ & $-0.177296$ & $-0.0259415$ & $-0.0604921$ & $-0.0370653$ & $0.0737274$ & $-0.054175$ & $-0.235141$ & $0.0544122$ & $0.00997358$ & $-0.0300547$ & $0.00194623$ & $0.0499189$ & $-0.00880292$ & $0.0108331$ & $-0.00884818$ & $-0.00223838$ & $-0.00341442$ & $-0.0107777$ & $-0.0297876$ & $0.0120219$ & $0.00777834$ & $0.00386689$ \\
CHd_11 & $-0.0296652$ & $-0.0054795$ & $0.0529915$ & $-0.0265585$ & $-0.021257$ & $-0.0721003$ & $-0.03986$ & $0.376454$ & $0.370093$ & $-0.18442$ & $-0.2516$ & $-0.177903$ & $0.138665$ & $-0.0925196$ & $-0.400198$ & $-0.413583$ & $-0.158039$ & $0.00457022$ & $0.0390829$ & $0.178912$ & $0.330181$ & $0.334774$ & $0.320218$ & $-0.399156$ & $0.228324$ & $-0.135385$ & $1$ & $0.0837804$ & $-0.0232957$ & $0.0701034$ & $0.0532867$ & $-0.0340129$ & $0.0630594$ & $0.65809$ & $-0.0100948$ & $-0.0234348$ & $-0.0108088$ & $-0.00546212$ & $-0.00885946$ & $0.00429139$ & $-0.00253993$ & $0.0215851$ & $-0.0229268$ & $-0.0534298$ & $-0.050085$ & $-0.0217349$ & $-0.0193706$ & $0.012732$ & $0.0139144$ \\
CHd_33 & $-0.0382382$ & $-0.0718522$ & $0.00200222$ & $-0.0307796$ & $0.000788784$ & $-0.0756992$ & $-0.0281188$ & $0.289924$ & $0.285838$ & $-0.121221$ & $-0.325236$ & $-0.102285$ & $0.0624721$ & $0.148799$ & $0.120501$ & $0.129126$ & $0.0769755$ & $-0.0155289$ & $-0.0239481$ & $0.321463$ & $0.325791$ & $0.32118$ & $-0.00766721$ & $-0.00468225$ & $-0.0109869$ & $-0.177296$ & $0.0837804$ & $1$ & $-0.00616241$ & $0.0271519$ & $-0.00781065$ & $-0.036874$ & $0.0159905$ & $0.143485$ & $0.0174191$ & $-0.0188123$ & $-0.022508$ & $0.0060823$ & $-0.00562568$ & $-0.0255088$ & $-0.0657507$ & $0.0115026$ & $-0.0363422$ & $-0.0479012$ & $0.040003$ & $0.0134792$ & $-0.00456136$ & $0.00599559$ & $0.00264916$ \\
CeH_22r & $-0.0025719$ & $-0.00802985$ & $-0.0200336$ & $-0.00572445$ & $-0.0422094$ & $-0.0283504$ & $0.0104172$ & $0.0136295$ & $0.030912$ & $-0.00170668$ & $-0.0131033$ & $-0.0101193$ & $0.0277132$ & $-0.00429896$ & $0.00283081$ & $0.0389914$ & $-0.00247939$ & $0.000548063$ & $-0.017608$ & $0.0183897$ & $0.010364$ & $0.0208733$ & $0.00639045$ & $-0.00156026$ & $-0.0223704$ & $-0.0259415$ & $-0.0232957$ & $-0.00616241$ & $1$ & $0.00261888$ & $-0.00213284$ & $-0.0215329$ & $-0.0111384$ & $0.0108424$ & $-0.0426767$ & $-0.00471267$ & $0.0111148$ & $0.0182912$ & $0.0448261$ & $-0.0147808$ & $-0.0106964$ & $-0.0529653$ & $0.0790756$ & $0.0559457$ & $0.00484817$ & $-0.0429974$ & $0.000409278$ & $-0.0166212$ & $-0.044684$ \\
CeH_33r & $-0.00280378$ & $-0.101098$ & $0.00247097$ & $0.00449167$ & $-0.0375558$ & $0.0173858$ & $-0.149597$ & $0.117673$ & $0.143361$ & $-0.137063$ & $-0.0589705$ & $-0.172907$ & $0.28094$ & $-0.0588042$ & $0.00878901$ & $-0.0133573$ & $-0.120705$ & $-0.11299$ & $-0.099617$ & $0.0500004$ & $0.0628003$ & $0.0581359$ & $0.0272703$ & $-0.118031$ & $-0.104232$ & $-0.0604921$ & $0.0701034$ & $0.0271519$ & $0.00261888$ & $1$ & $0.295141$ & $0.00534525$ & $0.656847$ & $0.0767943$ & $-0.0810283$ & $-0.0292158$ & $-0.156177$ & $-0.029803$ & $-0.00675214$ & $-0.0307478$ & $-0.0575252$ & $-0.00314804$ & $0.0280763$ & $0.00180158$ & $0.115449$ & $0.0717428$ & $-0.018012$ & $0.0140782$ & $-0.0376996$ \\
CuH_22r & $0.0856375$ & $-0.0352988$ & $0.00133838$ & $0.0767864$ & $-0.00903426$ & $-0.00569688$ & $-0.0847383$ & $0.0573953$ & $0.065045$ & $-0.0519891$ & $-0.04699$ & $-0.0984925$ & $0.121188$ & $-0.00320001$ & $-0.0159163$ & $0.00901075$ & $-0.0214949$ & $-0.00939354$ & $-0.0298224$ & $0.0399577$ & $0.0478327$ & $0.0499271$ & $0.0131727$ & $-0.0391836$ & $-0.0222066$ & $-0.0370653$ & $0.0532867$ & $-0.00781065$ & $-0.00213284$ & $0.295141$ & $1$ & $0.00627826$ & $0.362119$ & $0.0605313$ & $-0.0619401$ & $0.00564441$ & $-0.0730099$ & $0.0024275$ & $-0.0230421$ & $-0.0103356$ & $-0.0223329$ & $0.0109986$ & $-0.00568162$ & $0.0583529$ & $0.0571403$ & $0.0377876$ & $0.296285$ & $-0.00985533$ & $-0.00639235$ \\
CuH_33r & $-0.0294097$ & $-0.00013644$ & $0.0231662$ & $0.0678471$ & $0.0165452$ & $-0.0183827$ & $0.928059$ & $-0.133619$ & $-0.0896752$ & $0.102323$ & $0.0996152$ & $0.271932$ & $-0.262387$ & $0.0201218$ & $-0.0581644$ & $-0.0542494$ & $0.0725455$ & $0.101027$ & $0.0956501$ & $-0.098304$ & $-0.101465$ & $-0.100533$ & $-0.0154579$ & $0.101028$ & $0.0987478$ & $0.0737274$ & $-0.0340129$ & $-0.036874$ & $-0.0215329$ & $0.00534525$ & $0.00627826$ & $1$ & $0.00723484$ & $-0.0604626$ & $0.0449796$ & $0.010869$ & $-0.0531923$ & $-0.00689413$ & $-0.00482235$ & $0.0281352$ & $0.0485315$ & $0.0335809$ & $0.0180353$ & $0.0316276$ & $-0.0450836$ & $-0.0178315$ & $0.0169398$ & $0.000738893$ & $-0.0433644$ \\
CdH_33r & $-0.042627$ & $-0.00345424$ & $-0.039532$ & $0.0174775$ & $-0.000683765$ & $0.0147843$ & $-0.189251$ & $0.12248$ & $0.136798$ & $-0.165842$ & $-0.0603473$ & $-0.212512$ & $0.339634$ & $-0.0716747$ & $0.0261594$ & $0.00923878$ & $-0.133719$ & $-0.131319$ & $-0.127987$ & $0.0574045$ & $0.0629039$ & $0.0591981$ & $0.0157871$ & $-0.123803$ & $-0.114346$ & $-0.054175$ & $0.0630594$ & $0.0159905$ & $-0.0111384$ & $0.656847$ & $0.362119$ & $0.00723484$ & $1$ & $0.0723919$ & $-0.0970373$ & $0.0504723$ & $-0.104835$ & $-0.0176125$ & $-0.0981543$ & $0.0203815$ & $-0.0922141$ & $-0.00458512$ & $-0.0283041$ & $-0.021824$ & $0.0210138$ & $-0.0345914$ & $-0.00630866$ & $0.0916601$ & $0.373632$ \\
CLL_1221 & $-0.0474399$ & $-0.00279034$ & $0.0891472$ & $-0.0705188$ & $-0.0190469$ & $-0.115721$ & $-0.0602974$ & $0.556076$ & $0.546362$ & $-0.335474$ & $-0.365983$ & $-0.274584$ & $0.212305$ & $-0.186366$ & $-0.576574$ & $-0.108294$ & $-0.249898$ & $0.0274055$ & $-0.309778$ & $0.287925$ & $0.450681$ & $0.452962$ & $0.14839$ & $-0.620181$ & $-0.196937$ & $-0.235141$ & $0.65809$ & $0.143485$ & $0.0108424$ & $0.0767943$ & $0.0605313$ & $-0.0604626$ & $0.0723919$ & $1$ & $-0.0347461$ & $-0.0030674$ & $0.027531$ & $-0.0180206$ & $-0.0181867$ & $0.00584753$ & $-0.0083656$ & $0.0311601$ & $0.0214158$ & $-0.0423857$ & $-0.0308261$ & $-0.0318669$ & $0.0219339$ & $0.00657715$ & $0.0136614$ \\
eHggint & $0.0790401$ & $0.123285$ & $0.106142$ & $0.132685$ & $-0.0450975$ & $-0.0666966$ & $-0.013833$ & $-0.0357786$ & $-0.0517829$ & $0.0316993$ & $0.0285858$ & $0.0365171$ & $-0.00486244$ & $-0.0372174$ & $0.02839$ & $-0.0165805$ & $0.0321136$ & $-0.0131564$ & $0.0254304$ & $-0.0228606$ & $-0.0273138$ & $-0.0212463$ & $-0.0207751$ & $2.41092e-05$ & $0.013701$ & $0.0544122$ & $-0.0100948$ & $0.0174191$ & $-0.0426767$ & $-0.0810283$ & $-0.0619401$ & $0.0449796$ & $-0.0970373$ & $-0.0347461$ & $1$ & $-0.0755543$ & $0.0796339$ & $0.0576016$ & $-0.0820413$ & $-0.0298391$ & $0.305158$ & $0.00630274$ & $0.00697744$ & $-0.116079$ & $-0.17097$ & $0.118243$ & $0.00234531$ & $-0.102935$ & $-0.00523767$ \\
eHggpar & $0.0823207$ & $0.167553$ & $-0.0643922$ & $0.0921283$ & $-0.0181865$ & $0.0173415$ & $-0.0353946$ & $-0.0032726$ & $-0.0152157$ & $-0.0353366$ & $0.0387323$ & $-0.0269509$ & $0.0442455$ & $-0.0539371$ & $0.00343388$ & $0.00369941$ & $-0.090182$ & $-0.0711672$ & $-0.0644197$ & $-0.03732$ & $-0.0406141$ & $-0.0341176$ & $-0.00520687$ & $-0.0616653$ & $-0.0809453$ & $0.00997358$ & $-0.0234348$ & $-0.0188123$ & $-0.00471267$ & $-0.0292158$ & $0.00564441$ & $0.010869$ & $0.0504723$ & $-0.0030674$ & $-0.0755543$ & $1$ & $0.0396745$ & $-0.0479197$ & $0.0671019$ & $0.0101511$ & $0.0625636$ & $0.0325674$ & $0.0204758$ & $0.279762$ & $0.117454$ & $-0.177981$ & $-0.0309226$ & $0.215127$ & $0.00449457$ \\
eHWWint & $-0.0581937$ & $0.157988$ & $-0.111635$ & $-0.158534$ & $-0.0454369$ & $-0.0279008$ & $-0.018553$ & $-0.0135118$ & $-0.030481$ & $0.0300079$ & $0.015196$ & $-0.000897677$ & $0.00670634$ & $-0.0163101$ & $-0.0305707$ & $-0.0287224$ & $0.00469025$ & $0.0101642$ & $0.0125807$ & $-0.0158866$ & $-0.00666819$ & $-0.00725528$ & $0.0311913$ & $0.005214$ & $-0.0174389$ & $-0.0300547$ & $-0.0108088$ & $-0.022508$ & $0.0111148$ & $-0.156177$ & $-0.0730099$ & $-0.0531923$ & $-0.104835$ & $0.027531$ & $0.0796339$ & $0.0396745$ & $1$ & $0.0903306$ & $-0.0136757$ & $-0.0515477$ & $0.0322911$ & $0.0102706$ & $-0.22287$ & $-0.0298011$ & $-0.124871$ & $-0.150809$ & $0.0565438$ & $0.0646242$ & $0.153323$ \\
eHWWpar & $-0.0315475$ & $0.0859448$ & $-0.0280608$ & $-0.0336662$ & $-0.0195038$ & $-0.00161018$ & $-0.00339177$ & $-0.0203367$ & $-0.0246028$ & $0.0149608$ & $0.00725664$ & $-0.00472463$ & $0.00662337$ & $0.0038291$ & $0.00800842$ & $0.0191112$ & $0.0247732$ & $0.0150207$ & $0.0124717$ & $-0.00133619$ & $-0.00958602$ & $-0.00170563$ & $-0.0107194$ & $0.0253593$ & $0.0324948$ & $0.00194623$ & $-0.00546212$ & $0.0060823$ & $0.0182912$ & $-0.029803$ & $0.0024275$ & $-0.00689413$ & $-0.0176125$ & $-0.0180206$ & $0.0576016$ & $-0.0479197$ & $0.0903306$ & $1$ & $-0.0262214$ & $0.00508509$ & $-0.0109093$ & $0.000684663$ & $-0.039791$ & $-0.0699912$ & $-0.000279821$ & $-0.027949$ & $-0.0265265$ & $0.00899876$ & $0.0549792$ \\
eHZZint & $0.0234714$ & $-0.0456995$ & $-0.134906$ & $0.0644549$ & $-0.0565958$ & $0.00187542$ & $-0.00446$ & $-0.00815099$ & $-0.0052203$ & $0.00214535$ & $0.00303093$ & $-0.0269888$ & $0.026414$ & $-0.0118164$ & $0.0115775$ & $-0.0250575$ & $0.0153447$ & $-0.0034779$ & $0.0250188$ & $-0.00193162$ & $-0.00606601$ & $-0.00496979$ & $-0.0493617$ & $0.00308675$ & $-0.000130794$ & $0.0499189$ & $-0.00885946$ & $-0.00562568$ & $0.0448261$ & $-0.00675214$ & $-0.0230421$ & $-0.00482235$ & $-0.0981543$ & $-0.0181867$ & $-0.0820413$ & $0.0671019$ & $-0.0136757$ & $-0.0262214$ & $1$ & $-0.116096$ & $0.00267769$ & $-0.0846253$ & $-0.0340976$ & $0.103903$ & $0.0428185$ & $-0.220748$ & $-0.0398256$ & $0.170832$ & $-0.254141$ \\
eHZZpar & $-0.0265765$ & $0.0131229$ & $-0.0128436$ & $-0.0457373$ & $0.00864227$ & $0.0106452$ & $0.0229113$ & $0.0163022$ & $0.0161264$ & $-0.0233777$ & $-0.0155065$ & $0.0254198$ & $-0.0343025$ & $0.0116657$ & $0.00532644$ & $-0.0334025$ & $-0.00302467$ & $-0.00534119$ & $0.0243446$ & $0.0163491$ & $0.0187563$ & $0.0178393$ & $0.00746613$ & $-0.0235254$ & $-0.00764239$ & $-0.00880292$ & $0.00429139$ & $-0.0255088$ & $-0.0147808$ & $-0.0307478$ & $-0.0103356$ & $0.0281352$ & $0.0203815$ & $0.00584753$ & $-0.0298391$ & $0.0101511$ & $-0.0515477$ & $0.00508509$ & $-0.116096$ & $1$ & $-0.0748225$ & $-0.0188115$ & $-0.0132622$ & $-0.0719117$ & $0.0166931$ & $-0.0147939$ & $0.0207393$ & $0.0398507$ & $0.036392$ \\
eHZgaint & $0.145134$ & $0.119531$ & $0.133971$ & $0.176851$ & $-0.044414$ & $-0.0156482$ & $0.0186354$ & $-0.0502474$ & $-0.0499823$ & $0.0206227$ & $0.0502204$ & $0.00461955$ & $0.00989056$ & $-0.0431813$ & $-0.0204715$ & $-0.0474524$ & $0.0152912$ & $0.00694521$ & $0.0281056$ & $-0.0460788$ & $-0.0455716$ & $-0.0330313$ & $0.0296646$ & $0.000692623$ & $-0.000938313$ & $0.0108331$ & $-0.00253993$ & $-0.0657507$ & $-0.0106964$ & $-0.0575252$ & $-0.0223329$ & $0.0485315$ & $-0.0922141$ & $-0.0083656$ & $0.305158$ & $0.0625636$ & $0.0322911$ & $-0.0109093$ & $0.00267769$ & $-0.0748225$ & $1$ & $0.0276956$ & $0.0889665$ & $0.11738$ & $-0.224997$ & $-0.151284$ & $0.0362241$ & $0.0122119$ & $-0.1742$ \\
eHZgapar & $-0.0407637$ & $-0.015003$ & $0.00916907$ & $-0.0325948$ & $0.0106607$ & $-0.0206825$ & $0.0177753$ & $0.0479228$ & $0.0361836$ & $-0.0082099$ & $-0.0407524$ & $-0.0325996$ & $0.0306778$ & $0.00834837$ & $0.00955361$ & $-0.00974974$ & $-0.0126329$ & $-0.0189586$ & $-0.00666695$ & $0.0369738$ & $0.0441495$ & $0.0373815$ & $0.0013917$ & $-0.0406122$ & $-0.0225175$ & $-0.00884818$ & $0.0215851$ & $0.0115026$ & $-0.0529653$ & $-0.00314804$ & $0.0109986$ & $0.0335809$ & $-0.00458512$ & $0.0311601$ & $0.00630274$ & $0.0325674$ & $0.0102706$ & $0.000684663$ & $-0.0846253$ & $-0.0188115$ & $0.0276956$ & $1$ & $-0.0556725$ & $0.00746139$ & $0.0770982$ & $0.0713141$ & $-0.0258404$ & $-0.0372443$ & $-0.0171393$ \\
eHgagaint & $0.111937$ & $0.123463$ & $-0.0432374$ & $0.00475837$ & $-0.00647715$ & $-0.00554313$ & $0.0104725$ & $0.0326693$ & $0.0919231$ & $-0.0650993$ & $-0.0262785$ & $-0.0597756$ & $0.0358744$ & $-0.00844137$ & $0.0296085$ & $0.0221257$ & $-0.00577942$ & $-0.030384$ & $-0.0254853$ & $0.0289519$ & $0.0285795$ & $0.0386791$ & $-0.0310145$ & $-0.0314544$ & $-0.0582157$ & $-0.00223838$ & $-0.0229268$ & $-0.0363422$ & $0.0790756$ & $0.0280763$ & $-0.00568162$ & $0.0180353$ & $-0.0283041$ & $0.0214158$ & $0.00697744$ & $0.0204758$ & $-0.22287$ & $-0.039791$ & $-0.0340976$ & $-0.0132622$ & $0.0889665$ & $-0.0556725$ & $1$ & $0.168908$ & $-0.125932$ & $-0.181939$ & $-0.0106654$ & $-0.020635$ & $-0.187757$ \\
eHmumuint & $0.107604$ & $0.0381037$ & $0.0670744$ & $0.0480956$ & $0.0150294$ & $0.024289$ & $0.00969181$ & $-0.0266979$ & $-0.0241769$ & $-0.00166583$ & $0.0319047$ & $-0.0144146$ & $0.0171006$ & $-0.00145928$ & $0.0264473$ & $-0.00418426$ & $-0.0177835$ & $-0.0252136$ & $-0.00451215$ & $-0.0334745$ & $-0.0374437$ & $-0.0365605$ & $-0.0136432$ & $0.00877982$ & $-0.0394273$ & $-0.00341442$ & $-0.0534298$ & $-0.0479012$ & $0.0559457$ & $0.00180158$ & $0.0583529$ & $0.0316276$ & $-0.021824$ & $-0.0423857$ & $-0.116079$ & $0.279762$ & $-0.0298011$ & $-0.0699912$ & $0.103903$ & $-0.0719117$ & $0.11738$ & $0.00746139$ & $0.168908$ & $1$ & $0.141438$ & $-0.0368816$ & $0.130599$ & $0.0806836$ & $-0.203188$ \\
eHtautauint & $-0.0809867$ & $-0.149808$ & $0.142303$ & $0.0167825$ & $0.0391853$ & $0.0226377$ & $-0.0586451$ & $0.0147858$ & $0.000649213$ & $0.0101393$ & $-0.0177156$ & $-0.00429565$ & $0.0114507$ & $0.0332657$ & $0.0246631$ & $0.00148604$ & $-0.00673394$ & $-0.00580609$ & $0.0164473$ & $0.0147368$ & $0.0119682$ & $0.0181349$ & $-0.0474007$ & $0.0297096$ & $-0.0231884$ & $-0.0107777$ & $-0.050085$ & $0.040003$ & $0.00484817$ & $0.115449$ & $0.0571403$ & $-0.0450836$ & $0.0210138$ & $-0.0308261$ & $-0.17097$ & $0.117454$ & $-0.124871$ & $-0.000279821$ & $0.0428185$ & $0.0166931$ & $-0.224997$ & $0.0770982$ & $-0.125932$ & $0.141438$ & $1$ & $0.217286$ & $0.0113069$ & $-0.148428$ & $-0.0551911$ \\
eHccint & $-0.218871$ & $-0.147267$ & $0.327137$ & $-0.0683867$ & $-0.00636163$ & $-0.0182063$ & $-0.0293656$ & $0.0211941$ & $0.00170988$ & $0.0761662$ & $-0.0541411$ & $0.0351564$ & $-0.0211722$ & $0.0807219$ & $0.0525941$ & $0.0152427$ & $0.0738844$ & $0.0351841$ & $0.0577586$ & $0.0541591$ & $0.0502584$ & $0.0486689$ & $-0.0119333$ & $0.0359152$ & $0.0644888$ & $-0.0297876$ & $-0.0217349$ & $0.0134792$ & $-0.0429974$ & $0.0717428$ & $0.0377876$ & $-0.0178315$ & $-0.0345914$ & $-0.0318669$ & $0.118243$ & $-0.177981$ & $-0.150809$ & $-0.027949$ & $-0.220748$ & $-0.0147939$ & $-0.151284$ & $0.0713141$ & $-0.181939$ & $-0.0368816$ & $0.217286$ & $1$ & $0.00406474$ & $-0.122624$ & $-0.0602542$ \\
eHccpar & $-0.000203929$ & $0.0381021$ & $0.0456587$ & $0.0220543$ & $0.0627959$ & $-0.000674451$ & $0.030591$ & $0.00961138$ & $0.00587266$ & $0.0153263$ & $-0.0255138$ & $0.000497913$ & $-0.00453231$ & $0.0305756$ & $-0.0054564$ & $0.035322$ & $0.0342766$ & $0.0361388$ & $0.00470945$ & $0.0253109$ & $0.0249476$ & $0.0267541$ & $-0.0554337$ & $0.0216823$ & $0.00466808$ & $0.0120219$ & $-0.0193706$ & $-0.00456136$ & $0.000409278$ & $-0.018012$ & $0.296285$ & $0.0169398$ & $-0.00630866$ & $0.0219339$ & $0.00234531$ & $-0.0309226$ & $0.0565438$ & $-0.0265265$ & $-0.0398256$ & $0.0207393$ & $0.0362241$ & $-0.0258404$ & $-0.0106654$ & $0.130599$ & $0.0113069$ & $0.00406474$ & $1$ & $-0.0465182$ & $0.0383174$ \\
eHbbint & $0.225322$ & $0.0620918$ & $-0.0268594$ & $-0.059281$ & $-0.0497995$ & $0.019355$ & $-0.000863382$ & $-0.0278638$ & $-0.0264383$ & $7.8809e-05$ & $0.0242566$ & $-0.0242898$ & $0.0247517$ & $-0.0153025$ & $-0.0268366$ & $-0.0184768$ & $0.0106356$ & $0.0157612$ & $0.0075634$ & $-0.0284338$ & $-0.0271702$ & $-0.0285411$ & $0.00410315$ & $0.000823087$ & $0.00315815$ & $0.00777834$ & $0.012732$ & $0.00599559$ & $-0.0166212$ & $0.0140782$ & $-0.00985533$ & $0.000738893$ & $0.0916601$ & $0.00657715$ & $-0.102935$ & $0.215127$ & $0.0646242$ & $0.00899876$ & $0.170832$ & $0.0398507$ & $0.0122119$ & $-0.0372443$ & $-0.020635$ & $0.0806836$ & $-0.148428$ & $-0.122624$ & $-0.0465182$ & $1$ & $-0.101776$ \\
eHbbpar & $-0.182174$ & $0.175021$ & $-0.0501716$ & $-0.0276222$ & $0.0304976$ & $-0.0299087$ & $-0.0345612$ & $-0.0113454$ & $-0.0322039$ & $-0.018431$ & $0.0136262$ & $0.013427$ & $-0.0263487$ & $-0.000923735$ & $-0.0207143$ & $-0.0211451$ & $-0.0153062$ & $0.00883601$ & $-0.00500411$ & $-0.00667742$ & $-0.00771674$ & $-0.00894944$ & $0.00204202$ & $0.0137541$ & $0.0191278$ & $0.00386689$ & $0.0139144$ & $0.00264916$ & $-0.044684$ & $-0.0376996$ & $-0.00639235$ & $-0.0433644$ & $0.373632$ & $0.0136614$ & $-0.00523767$ & $0.00449457$ & $0.153323$ & $0.0549792$ & $-0.254141$ & $0.036392$ & $-0.1742$ & $-0.0171393$ & $-0.187757$ & $-0.203188$ & $-0.0551911$ & $-0.0602542$ & $0.0383174$ & $-0.101776$ & $1$ \\
