 & AlsMz & dAle5Mz & mtop & mHl & Mz & CW & CHG & CHWB & CHWHB_gaga & CHWHB_gagaorth & CHD & CHbox & CH & CHL1_11 & CHL1_22 & CHL1_33 & CHL3_11 & CHL3_22 & CHL3_33 & CHe_11 & CHe_22 & CHe_33 & CHQ1_11 & CHQ1_33 & CHQ3_11 & CHu_11 & CHd_11 & CHd_33 & CeH_22r & CeH_33r & CuH_22r & CuH_33r & CdH_33r & CLL_1221 & eHggint & eHggpar & eHWWint & eHWWpar & eHZZint & eHZZpar & eHZgaint & eHZgapar & eHgagaint & eHmumuint & eHtautauint & eHccint & eHccpar & eHbbint & eHbbpar \\
AlsMz & $1$ & $-0.0489705$ & $0.209266$ & $-0.0845679$ & $0.00188151$ & $0.0255486$ & $-0.0311289$ & $0.0320432$ & $0.0325123$ & $-0.0429826$ & $-0.0462465$ & $-0.0514908$ & $-0.00163391$ & $0.043782$ & $-0.0124792$ & $-0.00881407$ & $0.0100648$ & $0.0265285$ & $0.0176379$ & $0.0347665$ & $0.0418531$ & $0.0365955$ & $0.03584$ & $-0.0507756$ & $-0.0548546$ & $-0.0815761$ & $0.0273286$ & $0.0103292$ & $0.0434652$ & $0.0224153$ & $0.0784573$ & $-0.037207$ & $0.0219811$ & $0.0305037$ & $-0.101335$ & $-0.0935003$ & $-0.0772565$ & $-0.00959742$ & $0.000217273$ & $-0.0185025$ & $0.164379$ & $0.00565455$ & $-0.12232$ & $-0.0767008$ & $-0.0917736$ & $0.0863757$ & $0.0730519$ & $-0.10634$ & $-0.0582803$ \\
dAle5Mz & $-0.0489705$ & $1$ & $0.135915$ & $-0.0669771$ & $0.0107842$ & $-0.000227378$ & $-0.0130012$ & $-0.00769685$ & $7.40373e-05$ & $-0.0350508$ & $0.0285242$ & $-0.0127774$ & $0.0398118$ & $-0.0569777$ & $-0.0580678$ & $-0.0114252$ & $-0.048848$ & $-0.0196295$ & $-0.0482908$ & $-0.0166555$ & $-0.00113696$ & $0.00448062$ & $0.0507805$ & $-0.0567964$ & $0.00569977$ & $-0.00479513$ & $0.0953354$ & $-0.00963733$ & $0.0297295$ & $-0.00910442$ & $-0.0145256$ & $-0.031174$ & $-0.00104226$ & $0.0868829$ & $-0.142703$ & $0.135528$ & $0.144467$ & $0.0159961$ & $0.113965$ & $0.0147845$ & $0.164129$ & $-0.0451157$ & $0.116878$ & $0.0575005$ & $0.159828$ & $-0.0491986$ & $0.112635$ & $-0.122369$ & $0.075386$ \\
mtop & $0.209266$ & $0.135915$ & $1$ & $-0.037927$ & $0.0221425$ & $0.0216596$ & $-0.0202275$ & $0.0622295$ & $0.0596422$ & $0.00448674$ & $-0.0391781$ & $0.0250589$ & $0.0434308$ & $-0.0140609$ & $-0.0210984$ & $-0.00483261$ & $-0.0414826$ & $-0.0269984$ & $-0.0412383$ & $0.039522$ & $0.0513855$ & $0.0496198$ & $0.0476061$ & $-0.0829404$ & $-0.04842$ & $-0.0509511$ & $0.0555592$ & $0.0233365$ & $0.0150802$ & $-0.0389703$ & $0.0147951$ & $-0.00726178$ & $-0.0394387$ & $0.072334$ & $0.145236$ & $0.0120962$ & $0.264479$ & $-0.0355714$ & $0.160099$ & $0.0521287$ & $-0.0821272$ & $0.023371$ & $0.156119$ & $0.00107917$ & $0.0198879$ & $0.334699$ & $0.005691$ & $0.123965$ & $-0.00674655$ \\
mHl & $-0.0845679$ & $-0.0669771$ & $-0.037927$ & $1$ & $0.0318832$ & $0.00734338$ & $-0.0219344$ & $-0.0713485$ & $-0.0860475$ & $0.0526374$ & $0.041598$ & $-0.00573055$ & $-0.0832913$ & $0.0468528$ & $-0.0185884$ & $0.0287507$ & $0.0489207$ & $0.0777662$ & $0.041472$ & $-0.0373124$ & $-0.0496015$ & $-0.0434059$ & $-0.0123069$ & $0.104935$ & $0.0652138$ & $0.0356158$ & $-0.0425495$ & $0.0237397$ & $-0.0102779$ & $-0.0158248$ & $-0.0358161$ & $-0.0284786$ & $-0.0571246$ & $-0.0474003$ & $-0.0692687$ & $0.0188538$ & $0.0696692$ & $-0.00323435$ & $-0.0453231$ & $-0.0543068$ & $-0.134453$ & $0.0027614$ & $-0.243352$ & $-0.138619$ & $-0.292278$ & $-0.0227747$ & $0.00609666$ & $0.000651981$ & $0.00730738$ \\
Mz & $0.00188151$ & $0.0107842$ & $0.0221425$ & $0.0318832$ & $1$ & $0.0211419$ & $0.000311854$ & $-0.0183358$ & $-0.0207354$ & $0.0198014$ & $0.021936$ & $0.0249883$ & $-0.0330614$ & $0.00759047$ & $0.0123749$ & $0.0102426$ & $0.00415525$ & $0.00119829$ & $0.00118289$ & $-0.00948253$ & $-0.0148179$ & $-0.0122662$ & $-0.0136191$ & $0.0282506$ & $0.00248761$ & $0.020866$ & $-0.0194651$ & $0.0256669$ & $-0.0256432$ & $0.00179643$ & $-0.0192766$ & $-0.00541479$ & $-0.00522428$ & $-0.0289064$ & $-0.00632935$ & $-0.028706$ & $0.0223537$ & $-0.0443012$ & $-0.0273513$ & $0.0627717$ & $-0.0014203$ & $0.00160748$ & $-0.0335126$ & $-0.0310938$ & $0.00207707$ & $-0.0463253$ & $-0.0212924$ & $-0.0376993$ & $0.00325684$ \\
CW & $0.0255486$ & $-0.000227378$ & $0.0216596$ & $0.00734338$ & $0.0211419$ & $1$ & $-0.0254805$ & $-0.117478$ & $-0.115589$ & $0.019365$ & $0.159907$ & $0.029908$ & $-0.000402917$ & $0.0651405$ & $-0.0688321$ & $-0.074207$ & $-0.228013$ & $-0.0204854$ & $-0.0173695$ & $-0.15651$ & $-0.16367$ & $-0.159086$ & $-0.0216774$ & $0.00657137$ & $-0.0430872$ & $0.0910989$ & $-0.0674648$ & $-0.0732101$ & $-0.0126863$ & $-0.0139294$ & $0.0114432$ & $-0.0223766$ & $-0.0225737$ & $-0.125704$ & $-0.0262087$ & $-0.00321437$ & $-0.00968601$ & $0.0181826$ & $0.00964807$ & $-0.0239119$ & $-0.00275175$ & $0.0180545$ & $-0.00158874$ & $-0.00903598$ & $0.00928249$ & $-0.0360919$ & $0.0160987$ & $-0.0544224$ & $-0.0187265$ \\
CHG & $-0.0311289$ & $-0.0130012$ & $-0.0202275$ & $-0.0219344$ & $0.000311854$ & $-0.0254805$ & $1$ & $-0.106292$ & $-0.0585703$ & $0.100076$ & $0.0432639$ & $-0.0380642$ & $-0.306249$ & $0.0897681$ & $0.00704328$ & $-0.0370862$ & $0.128544$ & $0.113368$ & $0.144697$ & $-0.041629$ & $-0.0479254$ & $-0.0493697$ & $0.00124581$ & $0.129929$ & $0.14171$ & $0.0298931$ & $-0.0370674$ & $0.00504284$ & $0.000521949$ & $-0.149452$ & $-0.087832$ & $0.933021$ & $-0.178089$ & $-0.0928862$ & $0.0515837$ & $0.0111842$ & $0.0394431$ & $0.0213547$ & $0.0384396$ & $0.00929995$ & $-0.00666245$ & $-0.0169781$ & $0.0323098$ & $0.0302428$ & $0.0020288$ & $0.0573488$ & $0.0395144$ & $0.0529727$ & $-0.00493337$ \\
CHWB & $0.0320432$ & $-0.00769685$ & $0.0622295$ & $-0.0713485$ & $-0.0183358$ & $-0.117478$ & $-0.106292$ & $1$ & $0.984439$ & $-0.575695$ & $-0.880136$ & $-0.215086$ & $0.35506$ & $0.0685696$ & $0.305013$ & $0.28955$ & $-0.274285$ & $-0.465747$ & $-0.459732$ & $0.850624$ & $0.899922$ & $0.883173$ & $0.0812034$ & $-0.683744$ & $-0.431963$ & $-0.522913$ & $0.454348$ & $0.321477$ & $0.00193329$ & $0.121046$ & $0.108934$ & $-0.0955234$ & $0.15936$ & $0.566175$ & $0.00243711$ & $-0.00865076$ & $-0.0319496$ & $-0.00865822$ & $0.0468241$ & $-0.0243142$ & $-0.00656809$ & $-0.0440203$ & $0.00428083$ & $0.0480446$ & $0.0818688$ & $0.120957$ & $0.0312554$ & $0.0803972$ & $0.0240297$ \\
CHWHB_gaga & $0.0325123$ & $7.40373e-05$ & $0.0596422$ & $-0.0860475$ & $-0.0207354$ & $-0.115589$ & $-0.0585703$ & $0.984439$ & $1$ & $-0.563887$ & $-0.866719$ & $-0.191686$ & $0.348604$ & $0.0654653$ & $0.306098$ & $0.28997$ & $-0.26977$ & $-0.462169$ & $-0.455134$ & $0.838919$ & $0.885704$ & $0.869665$ & $0.0771017$ & $-0.673165$ & $-0.427744$ & $-0.513348$ & $0.442115$ & $0.315224$ & $0.0092893$ & $0.140813$ & $0.119831$ & $-0.0566413$ & $0.180647$ & $0.552992$ & $-0.00959628$ & $-0.0148034$ & $-0.0384362$ & $-0.0131478$ & $0.0473171$ & $-0.0222044$ & $0.00822646$ & $-0.044481$ & $0.0538206$ & $0.058808$ & $0.0968539$ & $0.130023$ & $0.0342759$ & $0.0862597$ & $0.0231284$ \\
CHWHB_gagaorth & $-0.0429826$ & $-0.0350508$ & $0.00448674$ & $0.0526374$ & $0.0198014$ & $0.019365$ & $0.100076$ & $-0.575695$ & $-0.563887$ & $1$ & $0.360892$ & $0.601555$ & $-0.247739$ & $0.250438$ & $-0.101264$ & $-0.109104$ & $0.442777$ & $0.489099$ & $0.49783$ & $-0.343196$ & $-0.382269$ & $-0.380934$ & $-0.0623364$ & $0.573064$ & $0.501899$ & $0.230355$ & $-0.265092$ & $-0.145415$ & $0.00429367$ & $-0.145455$ & $-0.118976$ & $0.108267$ & $-0.1685$ & $-0.386734$ & $0.0224609$ & $0.0102757$ & $0.0522747$ & $-0.0401468$ & $-0.0381403$ & $0.0218192$ & $-0.0557657$ & $0.0296377$ & $-0.0233237$ & $-0.0453773$ & $-0.0750489$ & $-0.0577257$ & $-0.0389545$ & $-0.0262675$ & $0.0019804$ \\
CHD & $-0.0462465$ & $0.0285242$ & $-0.0391781$ & $0.041598$ & $0.021936$ & $0.159907$ & $0.0432639$ & $-0.880136$ & $-0.866719$ & $0.360892$ & $1$ & $0.255845$ & $-0.168293$ & $-0.485603$ & $-0.435815$ & $-0.420433$ & $-0.177894$ & $0.104363$ & $0.0990934$ & $-0.990306$ & $-0.9911$ & $-0.96919$ & $-0.0291633$ & $0.324785$ & $0.0498259$ & $0.584943$ & $-0.304548$ & $-0.34806$ & $0.00380363$ & $-0.0631137$ & $-0.0744505$ & $0.0559083$ & $-0.08946$ & $-0.359636$ & $0.0347887$ & $0.0362542$ & $0.0353367$ & $0.0178989$ & $-0.0406075$ & $0.0170114$ & $0.00758613$ & $0.0334794$ & $0.00589042$ & $-0.0190382$ & $-0.036743$ & $-0.0717201$ & $-0.0138586$ & $-0.0680993$ & $-0.0203701$ \\
CHbox & $-0.0514908$ & $-0.0127774$ & $0.0250589$ & $-0.00573055$ & $0.0249883$ & $0.029908$ & $-0.0380642$ & $-0.215086$ & $-0.191686$ & $0.601555$ & $0.255845$ & $1$ & $0.148017$ & $-0.161264$ & $-0.0144495$ & $-0.0171352$ & $-0.092255$ & $-0.0532603$ & $-0.0491926$ & $-0.23056$ & $-0.266184$ & $-0.259895$ & $-0.0312928$ & $0.0929302$ & $-0.0379479$ & $0.155565$ & $-0.144807$ & $-0.088994$ & $0.0293809$ & $0.217359$ & $0.0208137$ & $0.0490808$ & $0.265638$ & $-0.173078$ & $0.0650579$ & $0.0689029$ & $0.0205009$ & $-0.03338$ & $-0.0407713$ & $0.00399809$ & $-0.0428526$ & $0.0198874$ & $-0.0116648$ & $0.0026018$ & $-0.00913786$ & $-0.0116947$ & $-0.0396148$ & $-0.0141695$ & $-0.000420876$ \\
CH & $-0.00163391$ & $0.0398118$ & $0.0434308$ & $-0.0832913$ & $-0.0330614$ & $-0.000402917$ & $-0.306249$ & $0.35506$ & $0.348604$ & $-0.247739$ & $-0.168293$ & $0.148017$ & $1$ & $-0.255915$ & $0.067283$ & $0.0480851$ & $-0.39124$ & $-0.406063$ & $-0.391376$ & $0.160906$ & $0.183124$ & $0.179318$ & $0.0333799$ & $-0.409736$ & $-0.377237$ & $-0.0970727$ & $0.1907$ & $0.0559514$ & $0.0461608$ & $0.270783$ & $0.116587$ & $-0.239185$ & $0.372581$ & $0.227409$ & $0.054086$ & $0.0145128$ & $-0.0110696$ & $0.00960239$ & $0.0229128$ & $0.00338567$ & $0.022292$ & $-0.0194235$ & $0.0130843$ & $0.0264801$ & $0.0773301$ & $0.0561509$ & $-0.0241947$ & $0.0408279$ & $0.0340927$ \\
CHL1_11 & $0.043782$ & $-0.0569777$ & $-0.0140609$ & $0.0468528$ & $0.00759047$ & $0.0651405$ & $0.0897681$ & $0.0685696$ & $0.0654653$ & $0.250438$ & $-0.485603$ & $-0.161264$ & $-0.255915$ & $1$ & $0.277341$ & $0.272246$ & $0.64842$ & $0.594459$ & $0.594405$ & $0.504697$ & $0.441319$ & $0.424919$ & $-0.0709694$ & $0.471083$ & $0.606976$ & $-0.275885$ & $-0.13665$ & $0.141924$ & $-0.0135049$ & $-0.0829953$ & $-0.0311401$ & $0.0493509$ & $-0.0904093$ & $-0.249308$ & $-0.0548386$ & $-0.0569626$ & $-0.014961$ & $-0.016444$ & $0.0128687$ & $0.00358138$ & $-0.00642282$ & $0.0233155$ & $-0.0317755$ & $-0.0631943$ & $-0.0740262$ & $-0.0698805$ & $-0.0281621$ & $-0.0130351$ & $-0.00257033$ \\
CHL1_22 & $-0.0124792$ & $-0.0580678$ & $-0.0210984$ & $-0.0185884$ & $0.0123749$ & $-0.0688321$ & $0.00704328$ & $0.305013$ & $0.306098$ & $-0.101264$ & $-0.435815$ & $-0.0144495$ & $0.067283$ & $0.277341$ & $1$ & $0.41544$ & $0.172532$ & $-0.443292$ & $-0.00028208$ & $0.49946$ & $0.354792$ & $0.346157$ & $-0.15446$ & $0.102936$ & $-0.103125$ & $-0.221685$ & $-0.35851$ & $0.11121$ & $0.0165483$ & $0.010733$ & $0.0097388$ & $-0.000573546$ & $0.0379992$ & $-0.582999$ & $-0.07194$ & $-0.0387374$ & $-0.030663$ & $-0.00985315$ & $-0.0107499$ & $-0.00703664$ & $0.0457683$ & $0.0101162$ & $0.0186405$ & $-0.0167622$ & $-0.020145$ & $-0.0439157$ & $-0.078261$ & $0.0652203$ & $0.0327321$ \\
CHL1_33 & $-0.00881407$ & $-0.0114252$ & $-0.00483261$ & $0.0287507$ & $0.0102426$ & $-0.074207$ & $-0.0370862$ & $0.28955$ & $0.28997$ & $-0.109104$ & $-0.420433$ & $-0.0171352$ & $0.0480851$ & $0.272246$ & $0.41544$ & $1$ & $0.173066$ & $0.00340246$ & $-0.425668$ & $0.481968$ & $0.341842$ & $0.359889$ & $-0.144363$ & $0.106138$ & $-0.0946131$ & $-0.225451$ & $-0.357697$ & $0.138982$ & $-0.00743663$ & $0.0376057$ & $0.00890877$ & $-0.046972$ & $0.0346454$ & $-0.0733335$ & $-0.100566$ & $-0.0279534$ & $-0.039339$ & $0.0064144$ & $0.0154165$ & $0.00763424$ & $-0.012868$ & $-0.003847$ & $0.00663171$ & $0.00240807$ & $-0.0369362$ & $-0.0603432$ & $-0.0386655$ & $0.035351$ & $-0.016238$ \\
CHL3_11 & $0.0100648$ & $-0.048848$ & $-0.0414826$ & $0.0489207$ & $0.00415525$ & $-0.228013$ & $0.128544$ & $-0.274285$ & $-0.26977$ & $0.442777$ & $-0.177894$ & $-0.092255$ & $-0.39124$ & $0.64842$ & $0.172532$ & $0.173066$ & $1$ & $0.73062$ & $0.730324$ & $0.203338$ & $0.14007$ & $0.130184$ & $-0.0693239$ & $0.693801$ & $0.782796$ & $-0.0922929$ & $-0.214793$ & $0.0392832$ & $-0.00934853$ & $-0.11712$ & $-0.0797046$ & $0.0811207$ & $-0.147722$ & $-0.293242$ & $-0.0654433$ & $-0.0506509$ & $0.00182556$ & $-0.0223155$ & $-0.020004$ & $0.0154508$ & $-0.0126143$ & $0.00851571$ & $-0.00966445$ & $-0.0398629$ & $-0.0735677$ & $-0.0674082$ & $-0.0240355$ & $-0.0060787$ & $-0.00380267$ \\
CHL3_22 & $0.0265285$ & $-0.0196295$ & $-0.0269984$ & $0.0777662$ & $0.00119829$ & $-0.0204854$ & $0.113368$ & $-0.465747$ & $-0.462169$ & $0.489099$ & $0.104363$ & $-0.0532603$ & $-0.406063$ & $0.594459$ & $-0.443292$ & $0.00340246$ & $0.73062$ & $1$ & $0.656823$ & $-0.103632$ & $-0.106011$ & $-0.106985$ & $-0.0038831$ & $0.632382$ & $0.789458$ & $0.0545449$ & $-0.0764137$ & $-0.0365522$ & $-0.0235336$ & $-0.119111$ & $-0.0772835$ & $0.0751883$ & $-0.162713$ & $-0.00734505$ & $-0.01995$ & $-0.0257411$ & $0.0130963$ & $-0.00857814$ & $-0.00695887$ & $0.0224476$ & $-0.0406255$ & $0.0159193$ & $-0.0331877$ & $-0.0457915$ & $-0.0802496$ & $-0.0685649$ & $0.0147047$ & $-0.0672217$ & $-0.0345635$ \\
CHL3_33 & $0.0176379$ & $-0.0482908$ & $-0.0412383$ & $0.041472$ & $0.00118289$ & $-0.0173695$ & $0.144697$ & $-0.459732$ & $-0.455134$ & $0.49783$ & $0.0990934$ & $-0.0491926$ & $-0.391376$ & $0.594405$ & $-0.00028208$ & $-0.425668$ & $0.730324$ & $0.656823$ & $1$ & $-0.0968521$ & $-0.100836$ & $-0.100639$ & $-0.00885611$ & $0.631581$ & $0.791534$ & $0.0588737$ & $-0.0697994$ & $-0.0558139$ & $-0.0026481$ & $-0.137711$ & $-0.073374$ & $0.108238$ & $-0.156089$ & $-0.40114$ & $0.00341072$ & $-0.0379537$ & $0.0262033$ & $-0.0170632$ & $-0.0247112$ & $0.0109765$ & $0.0017295$ & $0.0233101$ & $-0.017261$ & $-0.053098$ & $-0.0670179$ & $-0.0530289$ & $-0.0125907$ & $-0.0384915$ & $0.00993629$ \\
CHe_11 & $0.0347665$ & $-0.0166555$ & $0.039522$ & $-0.0373124$ & $-0.00948253$ & $-0.15651$ & $-0.041629$ & $0.850624$ & $0.838919$ & $-0.343196$ & $-0.990306$ & $-0.23056$ & $0.160906$ & $0.504697$ & $0.49946$ & $0.481968$ & $0.203338$ & $-0.103632$ & $-0.0968521$ & $1$ & $0.972612$ & $0.951777$ & $0.00446075$ & $-0.271016$ & $-0.0368457$ & $-0.57563$ & $0.231531$ & $0.34103$ & $-0.00418418$ & $0.060452$ & $0.0704893$ & $-0.0552508$ & $0.0849567$ & $0.281148$ & $-0.0438563$ & $-0.0348613$ & $-0.0328821$ & $-0.0158799$ & $0.0387346$ & $-0.011907$ & $-0.00469641$ & $-0.0304951$ & $-0.000429739$ & $0.0190805$ & $0.0303371$ & $0.0564024$ & $0.00659923$ & $0.0628358$ & $0.018176$ \\
CHe_22 & $0.0418531$ & $-0.00113696$ & $0.0513855$ & $-0.0496015$ & $-0.0148179$ & $-0.16367$ & $-0.0479254$ & $0.899922$ & $0.885704$ & $-0.382269$ & $-0.9911$ & $-0.266184$ & $0.183124$ & $0.441319$ & $0.354792$ & $0.341842$ & $0.14007$ & $-0.106011$ & $-0.100836$ & $0.972612$ & $1$ & $0.974338$ & $0.0563367$ & $-0.383007$ & $-0.0635354$ & $-0.58536$ & $0.385257$ & $0.349405$ & $-0.00333551$ & $0.067354$ & $0.0800932$ & $-0.0591639$ & $0.0943967$ & $0.44571$ & $-0.0245751$ & $-0.0279428$ & $-0.0281075$ & $-0.0174997$ & $0.0441602$ & $-0.0174387$ & $-0.00704583$ & $-0.0376042$ & $-0.00176788$ & $0.0268856$ & $0.0531013$ & $0.0873549$ & $0.0271421$ & $0.0659252$ & $0.0234$ \\
CHe_33 & $0.0365955$ & $0.00448062$ & $0.0496198$ & $-0.0434059$ & $-0.0122662$ & $-0.159086$ & $-0.0493697$ & $0.883173$ & $0.869665$ & $-0.380934$ & $-0.96919$ & $-0.259895$ & $0.179318$ & $0.424919$ & $0.346157$ & $0.359889$ & $0.130184$ & $-0.106985$ & $-0.100639$ & $0.951777$ & $0.974338$ & $1$ & $0.0538198$ & $-0.378083$ & $-0.0628949$ & $-0.570171$ & $0.382102$ & $0.346997$ & $-0.00143252$ & $0.0694929$ & $0.0772523$ & $-0.060006$ & $0.0956011$ & $0.441447$ & $-0.0209031$ & $-0.029665$ & $-0.0198207$ & $-0.0193743$ & $0.04294$ & $-0.0163226$ & $-0.0134562$ & $-0.0409426$ & $0.005506$ & $0.0273585$ & $0.0476267$ & $0.0813336$ & $0.0276518$ & $0.068323$ & $0.0269462$ \\
CHQ1_11 & $0.03584$ & $0.0507805$ & $0.0476061$ & $-0.0123069$ & $-0.0136191$ & $-0.0216774$ & $0.00124581$ & $0.0812034$ & $0.0771017$ & $-0.0623364$ & $-0.0291633$ & $-0.0312928$ & $0.0333799$ & $-0.0709694$ & $-0.15446$ & $-0.144363$ & $-0.0693239$ & $-0.0038831$ & $-0.00885611$ & $0.00446075$ & $0.0563367$ & $0.0538198$ & $1$ & $-0.135115$ & $0.0544117$ & $-0.669895$ & $0.337683$ & $0.0383664$ & $-0.0257281$ & $0.0285444$ & $0.063212$ & $0.0105083$ & $0.0335533$ & $0.201541$ & $0.0365208$ & $0.0192455$ & $-0.0369848$ & $-0.0134194$ & $0.0159349$ & $-0.0170757$ & $-0.0226182$ & $0.0147118$ & $-0.0364725$ & $-0.00357669$ & $0.0482408$ & $0.0506877$ & $0.0218347$ & $-0.0350475$ & $0.0219731$ \\
CHQ1_33 & $-0.0507756$ & $-0.0567964$ & $-0.0829404$ & $0.104935$ & $0.0282506$ & $0.00657137$ & $0.129929$ & $-0.683744$ & $-0.673165$ & $0.573064$ & $0.324785$ & $0.0929302$ & $-0.409736$ & $0.471083$ & $0.102936$ & $0.106138$ & $0.693801$ & $0.632382$ & $0.631581$ & $-0.271016$ & $-0.383007$ & $-0.378083$ & $-0.135115$ & $1$ & $0.657921$ & $0.210325$ & $-0.460315$ & $-0.0461157$ & $-0.00330341$ & $-0.134932$ & $-0.0915761$ & $0.100235$ & $-0.165258$ & $-0.642984$ & $-0.0326641$ & $-0.0307297$ & $0.0113167$ & $0.00395638$ & $-0.0497711$ & $0.0061041$ & $0.00333693$ & $0.0295849$ & $-0.0117266$ & $-0.0536905$ & $-0.112689$ & $-0.130991$ & $-0.0349042$ & $-0.0585629$ & $-0.0167485$ \\
CHQ3_11 & $-0.0548546$ & $0.00569977$ & $-0.04842$ & $0.0652138$ & $0.00248761$ & $-0.0430872$ & $0.14171$ & $-0.431963$ & $-0.427744$ & $0.501899$ & $0.0498259$ & $-0.0379479$ & $-0.377237$ & $0.606976$ & $-0.103125$ & $-0.0946131$ & $0.782796$ & $0.789458$ & $0.791534$ & $-0.0368457$ & $-0.0635354$ & $-0.0628949$ & $0.0544117$ & $0.657921$ & $1$ & $0.034262$ & $0.124774$ & $-0.0192175$ & $-0.0107505$ & $-0.124284$ & $-0.068726$ & $0.101256$ & $-0.155822$ & $-0.259234$ & $-0.015976$ & $-0.0230251$ & $0.0273997$ & $-0.016241$ & $0.00905413$ & $0.0151394$ & $-0.0330967$ & $0.0158385$ & $-0.0139692$ & $-0.023662$ & $-0.0526581$ & $-0.0354752$ & $0.00893583$ & $-0.0435383$ & $-0.0145031$ \\
CHu_11 & $-0.0815761$ & $-0.00479513$ & $-0.0509511$ & $0.0356158$ & $0.020866$ & $0.0910989$ & $0.0298931$ & $-0.522913$ & $-0.513348$ & $0.230355$ & $0.584943$ & $0.155565$ & $-0.0970727$ & $-0.275885$ & $-0.221685$ & $-0.225451$ & $-0.0922929$ & $0.0545449$ & $0.0588737$ & $-0.57563$ & $-0.58536$ & $-0.570171$ & $-0.669895$ & $0.210325$ & $0.034262$ & $1$ & $-0.181926$ & $-0.206886$ & $0.0182$ & $-0.0518404$ & $-0.0901889$ & $0.033389$ & $-0.0697297$ & $-0.245308$ & $0.0193084$ & $0.0296321$ & $0.0567819$ & $0.00605436$ & $-0.0227947$ & $0.0248978$ & $0.00461457$ & $-0.00443694$ & $0.0318637$ & $-0.0110899$ & $-0.0421794$ & $-0.0442092$ & $0.0112825$ & $0.000938028$ & $-0.0146942$ \\
CHd_11 & $0.0273286$ & $0.0953354$ & $0.0555592$ & $-0.0425495$ & $-0.0194651$ & $-0.0674648$ & $-0.0370674$ & $0.454348$ & $0.442115$ & $-0.265092$ & $-0.304548$ & $-0.144807$ & $0.1907$ & $-0.13665$ & $-0.35851$ & $-0.357697$ & $-0.214793$ & $-0.0764137$ & $-0.0697994$ & $0.231531$ & $0.385257$ & $0.382102$ & $0.337683$ & $-0.460315$ & $0.124774$ & $-0.181926$ & $1$ & $0.144239$ & $0.00559612$ & $0.0601344$ & $0.086488$ & $-0.027054$ & $0.0755997$ & $0.683827$ & $0.0758428$ & $0.03343$ & $0.0232772$ & $-0.0089895$ & $0.0600115$ & $-0.0257564$ & $-0.0249766$ & $-0.0474217$ & $-0.00542074$ & $0.0683294$ & $0.0984286$ & $0.181766$ & $0.116989$ & $0.00468276$ & $0.0124428$ \\
CHd_33 & $0.0103292$ & $-0.00963733$ & $0.0233365$ & $0.0237397$ & $0.0256669$ & $-0.0732101$ & $0.00504284$ & $0.321477$ & $0.315224$ & $-0.145415$ & $-0.34806$ & $-0.088994$ & $0.0559514$ & $0.141924$ & $0.11121$ & $0.138982$ & $0.0392832$ & $-0.0365522$ & $-0.0558139$ & $0.34103$ & $0.349405$ & $0.346997$ & $0.0383664$ & $-0.0461157$ & $-0.0192175$ & $-0.206886$ & $0.144239$ & $1$ & $-0.0074242$ & $0.00745068$ & $0.00347615$ & $0.00106863$ & $0.0377875$ & $0.173644$ & $0.0176477$ & $-0.0380621$ & $-0.0168177$ & $-0.0241738$ & $0.0349525$ & $-0.0215112$ & $0.0152654$ & $-0.0264094$ & $-0.0239357$ & $-0.0208279$ & $0.0249093$ & $0.0668662$ & $0.0110702$ & $0.0370263$ & $-0.00453979$ \\
CeH_22r & $0.0434652$ & $0.0297295$ & $0.0150802$ & $-0.0102779$ & $-0.0256432$ & $-0.0126863$ & $0.000521949$ & $0.00193329$ & $0.0092893$ & $0.00429367$ & $0.00380363$ & $0.0293809$ & $0.0461608$ & $-0.0135049$ & $0.0165483$ & $-0.00743663$ & $-0.00934853$ & $-0.0235336$ & $-0.0026481$ & $-0.00418418$ & $-0.00333551$ & $-0.00143252$ & $-0.0257281$ & $-0.00330341$ & $-0.0107505$ & $0.0182$ & $0.00559612$ & $-0.0074242$ & $1$ & $0.05026$ & $0.0264905$ & $-0.0158633$ & $0.0299325$ & $-0.00887034$ & $-0.0744806$ & $-0.0191544$ & $-0.0144376$ & $-0.0182853$ & $-0.040862$ & $-0.0254578$ & $0.022681$ & $-0.0173892$ & $-0.0177637$ & $-0.0217462$ & $-0.00279841$ & $-0.0247928$ & $-0.0135772$ & $-0.0216322$ & $-0.070916$ \\
CeH_33r & $0.0224153$ & $-0.00910442$ & $-0.0389703$ & $-0.0158248$ & $0.00179643$ & $-0.0139294$ & $-0.149452$ & $0.121046$ & $0.140813$ & $-0.145455$ & $-0.0631137$ & $0.217359$ & $0.270783$ & $-0.0829953$ & $0.010733$ & $0.0376057$ & $-0.11712$ & $-0.119111$ & $-0.137711$ & $0.060452$ & $0.067354$ & $0.0694929$ & $0.0285444$ & $-0.134932$ & $-0.124284$ & $-0.0518404$ & $0.0601344$ & $0.00745068$ & $0.05026$ & $1$ & $0.304088$ & $0.000142558$ & $0.683322$ & $0.0898564$ & $-0.120325$ & $-0.0163737$ & $-0.184258$ & $-0.0168723$ & $-0.0450744$ & $-0.014058$ & $0.0462842$ & $-0.00205107$ & $-0.0238749$ & $0.00804141$ & $0.102526$ & $-0.0705569$ & $-0.0220337$ & $-0.0221263$ & $-0.00995284$ \\
CuH_22r & $0.0784573$ & $-0.0145256$ & $0.0147951$ & $-0.0358161$ & $-0.0192766$ & $0.0114432$ & $-0.087832$ & $0.108934$ & $0.119831$ & $-0.118976$ & $-0.0744505$ & $0.0208137$ & $0.116587$ & $-0.0311401$ & $0.0097388$ & $0.00890877$ & $-0.0797046$ & $-0.0772835$ & $-0.073374$ & $0.0704893$ & $0.0800932$ & $0.0772523$ & $0.063212$ & $-0.0915761$ & $-0.068726$ & $-0.0901889$ & $0.086488$ & $0.00347615$ & $0.0264905$ & $0.304088$ & $1$ & $-0.0078949$ & $0.377908$ & $0.0736081$ & $-0.0346361$ & $-0.0264136$ & $-0.0294643$ & $0.00807351$ & $0.00161744$ & $0.0075086$ & $0.00795261$ & $0.011407$ & $-0.00959142$ & $0.01751$ & $0.0134977$ & $0.0624828$ & $0.231259$ & $-0.0204332$ & $0.0573891$ \\
CuH_33r & $-0.037207$ & $-0.031174$ & $-0.00726178$ & $-0.0284786$ & $-0.00541479$ & $-0.0223766$ & $0.933021$ & $-0.0955234$ & $-0.0566413$ & $0.108267$ & $0.0559083$ & $0.0490808$ & $-0.239185$ & $0.0493509$ & $-0.000573546$ & $-0.046972$ & $0.0811207$ & $0.0751883$ & $0.108238$ & $-0.0552508$ & $-0.0591639$ & $-0.060006$ & $0.0105083$ & $0.100235$ & $0.101256$ & $0.033389$ & $-0.027054$ & $0.00106863$ & $-0.0158633$ & $0.000142558$ & $-0.0078949$ & $1$ & $0.0170107$ & $-0.0797669$ & $0.115647$ & $0.0536264$ & $0.0184284$ & $0.026626$ & $0.0413648$ & $0.015513$ & $-0.018495$ & $-0.0129767$ & $0.035637$ & $0.049124$ & $-0.00590056$ & $0.0706018$ & $0.0178394$ & $0.0719248$ & $0.0144446$ \\
CdH_33r & $0.0219811$ & $-0.00104226$ & $-0.0394387$ & $-0.0571246$ & $-0.00522428$ & $-0.0225737$ & $-0.178089$ & $0.15936$ & $0.180647$ & $-0.1685$ & $-0.08946$ & $0.265638$ & $0.372581$ & $-0.0904093$ & $0.0379992$ & $0.0346454$ & $-0.147722$ & $-0.162713$ & $-0.156089$ & $0.0849567$ & $0.0943967$ & $0.0956011$ & $0.0335533$ & $-0.165258$ & $-0.155822$ & $-0.0697297$ & $0.0755997$ & $0.0377875$ & $0.0299325$ & $0.683322$ & $0.377908$ & $0.0170107$ & $1$ & $0.0958402$ & $-0.020301$ & $-0.0222431$ & $-0.22014$ & $0.00941522$ & $-0.0541399$ & $0.017188$ & $0.0487893$ & $-0.0277849$ & $-0.00190776$ & $0.00789779$ & $0.0674438$ & $0.032225$ & $0.00465464$ & $0.118837$ & $0.355386$ \\
CLL_1221 & $0.0305037$ & $0.0868829$ & $0.072334$ & $-0.0474003$ & $-0.0289064$ & $-0.125704$ & $-0.0928862$ & $0.566175$ & $0.552992$ & $-0.386734$ & $-0.359636$ & $-0.173078$ & $0.227409$ & $-0.249308$ & $-0.582999$ & $-0.0733335$ & $-0.293242$ & $-0.00734505$ & $-0.40114$ & $0.281148$ & $0.44571$ & $0.441447$ & $0.201541$ & $-0.642984$ & $-0.259234$ & $-0.245308$ & $0.683827$ & $0.173644$ & $-0.00887034$ & $0.0898564$ & $0.0736081$ & $-0.0797669$ & $0.0958402$ & $1$ & $0.0487906$ & $0.0325834$ & $0.00582305$ & $0.000667497$ & $0.0490672$ & $-0.0129243$ & $-0.0400008$ & $-0.0536218$ & $-0.0017154$ & $0.0649733$ & $0.0941506$ & $0.142991$ & $0.0979199$ & $0.0170811$ & $-0.00365498$ \\
eHggint & $-0.101335$ & $-0.142703$ & $0.145236$ & $-0.0692687$ & $-0.00632935$ & $-0.0262087$ & $0.0515837$ & $0.00243711$ & $-0.00959628$ & $0.0224609$ & $0.0347887$ & $0.0650579$ & $0.054086$ & $-0.0548386$ & $-0.07194$ & $-0.100566$ & $-0.0654433$ & $-0.01995$ & $0.00341072$ & $-0.0438563$ & $-0.0245751$ & $-0.0209031$ & $0.0365208$ & $-0.0326641$ & $-0.015976$ & $0.0193084$ & $0.0758428$ & $0.0176477$ & $-0.0744806$ & $-0.120325$ & $-0.0346361$ & $0.115647$ & $-0.020301$ & $0.0487906$ & $1$ & $0.0888254$ & $0.253208$ & $0.0717094$ & $-0.013575$ & $0.056101$ & $-0.0916751$ & $0.0720146$ & $-0.0198346$ & $-0.0567485$ & $-0.0973573$ & $0.235981$ & $-0.125017$ & $0.115208$ & $0.131279$ \\
eHggpar & $-0.0935003$ & $0.135528$ & $0.0120962$ & $0.0188538$ & $-0.028706$ & $-0.00321437$ & $0.0111842$ & $-0.00865076$ & $-0.0148034$ & $0.0102757$ & $0.0362542$ & $0.0689029$ & $0.0145128$ & $-0.0569626$ & $-0.0387374$ & $-0.0279534$ & $-0.0506509$ & $-0.0257411$ & $-0.0379537$ & $-0.0348613$ & $-0.0279428$ & $-0.029665$ & $0.0192455$ & $-0.0307297$ & $-0.0230251$ & $0.0296321$ & $0.03343$ & $-0.0380621$ & $-0.0191544$ & $-0.0163737$ & $-0.0264136$ & $0.0536264$ & $-0.0222431$ & $0.0325834$ & $0.0888254$ & $1$ & $0.0379035$ & $0.0158729$ & $0.0249738$ & $0.0134849$ & $-0.0198199$ & $-0.0213172$ & $0.0465008$ & $0.269718$ & $-0.0516849$ & $0.0193598$ & $-0.121514$ & $0.103772$ & $-0.0526841$ \\
eHWWint & $-0.0772565$ & $0.144467$ & $0.264479$ & $0.0696692$ & $0.0223537$ & $-0.00968601$ & $0.0394431$ & $-0.0319496$ & $-0.0384362$ & $0.0522747$ & $0.0353367$ & $0.0205009$ & $-0.0110696$ & $-0.014961$ & $-0.030663$ & $-0.039339$ & $0.00182556$ & $0.0130963$ & $0.0262033$ & $-0.0328821$ & $-0.0281075$ & $-0.0198207$ & $-0.0369848$ & $0.0113167$ & $0.0273997$ & $0.0567819$ & $0.0232772$ & $-0.0168177$ & $-0.0144376$ & $-0.184258$ & $-0.0294643$ & $0.0184284$ & $-0.22014$ & $0.00582305$ & $0.253208$ & $0.0379035$ & $1$ & $0.0298487$ & $0.0450941$ & $-0.00333148$ & $-0.103512$ & $0.0497041$ & $0.102333$ & $0.0533757$ & $-0.0843832$ & $0.214245$ & $0.0775308$ & $0.0405874$ & $-0.0608994$ \\
eHWWpar & $-0.00959742$ & $0.0159961$ & $-0.0355714$ & $-0.00323435$ & $-0.0443012$ & $0.0181826$ & $0.0213547$ & $-0.00865822$ & $-0.0131478$ & $-0.0401468$ & $0.0178989$ & $-0.03338$ & $0.00960239$ & $-0.016444$ & $-0.00985315$ & $0.0064144$ & $-0.0223155$ & $-0.00857814$ & $-0.0170632$ & $-0.0158799$ & $-0.0174997$ & $-0.0193743$ & $-0.0134194$ & $0.00395638$ & $-0.016241$ & $0.00605436$ & $-0.0089895$ & $-0.0241738$ & $-0.0182853$ & $-0.0168723$ & $0.00807351$ & $0.026626$ & $0.00941522$ & $0.000667497$ & $0.0717094$ & $0.0158729$ & $0.0298487$ & $1$ & $0.0761401$ & $0.0315308$ & $-0.0361456$ & $0.0242046$ & $0.0854207$ & $0.0825741$ & $0.0103181$ & $0.0563788$ & $0.0904343$ & $0.113$ & $0.0547165$ \\
eHZZint & $0.000217273$ & $0.113965$ & $0.160099$ & $-0.0453231$ & $-0.0273513$ & $0.00964807$ & $0.0384396$ & $0.0468241$ & $0.0473171$ & $-0.0381403$ & $-0.0406075$ & $-0.0407713$ & $0.0229128$ & $0.0128687$ & $-0.0107499$ & $0.0154165$ & $-0.020004$ & $-0.00695887$ & $-0.0247112$ & $0.0387346$ & $0.0441602$ & $0.04294$ & $0.0159349$ & $-0.0497711$ & $0.00905413$ & $-0.0227947$ & $0.0600115$ & $0.0349525$ & $-0.040862$ & $-0.0450744$ & $0.00161744$ & $0.0413648$ & $-0.0541399$ & $0.0490672$ & $-0.013575$ & $0.0249738$ & $0.0450941$ & $0.0761401$ & $1$ & $0.0150702$ & $-0.117558$ & $0.0241196$ & $0.0683027$ & $0.145473$ & $-0.0257126$ & $0.0649189$ & $0.135075$ & $0.223227$ & $-0.129331$ \\
eHZZpar & $-0.0185025$ & $0.0147845$ & $0.0521287$ & $-0.0543068$ & $0.0627717$ & $-0.0239119$ & $0.00929995$ & $-0.0243142$ & $-0.0222044$ & $0.0218192$ & $0.0170114$ & $0.00399809$ & $0.00338567$ & $0.00358138$ & $-0.00703664$ & $0.00763424$ & $0.0154508$ & $0.0224476$ & $0.0109765$ & $-0.011907$ & $-0.0174387$ & $-0.0163226$ & $-0.0170757$ & $0.0061041$ & $0.0151394$ & $0.0248978$ & $-0.0257564$ & $-0.0215112$ & $-0.0254578$ & $-0.014058$ & $0.0075086$ & $0.015513$ & $0.017188$ & $-0.0129243$ & $0.056101$ & $0.0134849$ & $-0.00333148$ & $0.0315308$ & $0.0150702$ & $1$ & $-0.0476763$ & $0.0165256$ & $0.0705131$ & $0.0406033$ & $0.0541221$ & $-0.00585951$ & $-0.0114771$ & $0.0522412$ & $0.066803$ \\
eHZgaint & $0.164379$ & $0.164129$ & $-0.0821272$ & $-0.134453$ & $-0.0014203$ & $-0.00275175$ & $-0.00666245$ & $-0.00656809$ & $0.00822646$ & $-0.0557657$ & $0.00758613$ & $-0.0428526$ & $0.022292$ & $-0.00642282$ & $0.0457683$ & $-0.012868$ & $-0.0126143$ & $-0.0406255$ & $0.0017295$ & $-0.00469641$ & $-0.00704583$ & $-0.0134562$ & $-0.0226182$ & $0.00333693$ & $-0.0330967$ & $0.00461457$ & $-0.0249766$ & $0.0152654$ & $0.022681$ & $0.0462842$ & $0.00795261$ & $-0.018495$ & $0.0487893$ & $-0.0400008$ & $-0.0916751$ & $-0.0198199$ & $-0.103512$ & $-0.0361456$ & $-0.117558$ & $-0.0476763$ & $1$ & $-0.0233569$ & $0.140726$ & $-0.111693$ & $0.144107$ & $0.0213926$ & $0.101418$ & $-0.0686567$ & $0.0713428$ \\
eHZgapar & $0.00565455$ & $-0.0451157$ & $0.023371$ & $0.0027614$ & $0.00160748$ & $0.0180545$ & $-0.0169781$ & $-0.0440203$ & $-0.044481$ & $0.0296377$ & $0.0334794$ & $0.0198874$ & $-0.0194235$ & $0.0233155$ & $0.0101162$ & $-0.003847$ & $0.00851571$ & $0.0159193$ & $0.0233101$ & $-0.0304951$ & $-0.0376042$ & $-0.0409426$ & $0.0147118$ & $0.0295849$ & $0.0158385$ & $-0.00443694$ & $-0.0474217$ & $-0.0264094$ & $-0.0173892$ & $-0.00205107$ & $0.011407$ & $-0.0129767$ & $-0.0277849$ & $-0.0536218$ & $0.0720146$ & $-0.0213172$ & $0.0497041$ & $0.0242046$ & $0.0241196$ & $0.0165256$ & $-0.0233569$ & $1$ & $5.86739e-05$ & $0.0104898$ & $-0.0640711$ & $0.00869367$ & $-0.0283597$ & $0.0135548$ & $-0.0795379$ \\
eHgagaint & $-0.12232$ & $0.116878$ & $0.156119$ & $-0.243352$ & $-0.0335126$ & $-0.00158874$ & $0.0323098$ & $0.00428083$ & $0.0538206$ & $-0.0233237$ & $0.00589042$ & $-0.0116648$ & $0.0130843$ & $-0.0317755$ & $0.0186405$ & $0.00663171$ & $-0.00966445$ & $-0.0331877$ & $-0.017261$ & $-0.000429739$ & $-0.00176788$ & $0.005506$ & $-0.0364725$ & $-0.0117266$ & $-0.0139692$ & $0.0318637$ & $-0.00542074$ & $-0.0239357$ & $-0.0177637$ & $-0.0238749$ & $-0.00959142$ & $0.035637$ & $-0.00190776$ & $-0.0017154$ & $-0.0198346$ & $0.0465008$ & $0.102333$ & $0.0854207$ & $0.0683027$ & $0.0705131$ & $0.140726$ & $5.86739e-05$ & $1$ & $0.313398$ & $0.186735$ & $0.31669$ & $0.0652541$ & $0.221891$ & $0.0117707$ \\
eHmumuint & $-0.0767008$ & $0.0575005$ & $0.00107917$ & $-0.138619$ & $-0.0310938$ & $-0.00903598$ & $0.0302428$ & $0.0480446$ & $0.058808$ & $-0.0453773$ & $-0.0190382$ & $0.0026018$ & $0.0264801$ & $-0.0631943$ & $-0.0167622$ & $0.00240807$ & $-0.0398629$ & $-0.0457915$ & $-0.053098$ & $0.0190805$ & $0.0268856$ & $0.0273585$ & $-0.00357669$ & $-0.0536905$ & $-0.023662$ & $-0.0110899$ & $0.0683294$ & $-0.0208279$ & $-0.0217462$ & $0.00804141$ & $0.01751$ & $0.049124$ & $0.00789779$ & $0.0649733$ & $-0.0567485$ & $0.269718$ & $0.0533757$ & $0.0825741$ & $0.145473$ & $0.0406033$ & $-0.111693$ & $0.0104898$ & $0.313398$ & $1$ & $-0.213517$ & $0.0463562$ & $-0.0397817$ & $0.00307723$ & $-0.0329598$ \\
eHtautauint & $-0.0917736$ & $0.159828$ & $0.0198879$ & $-0.292278$ & $0.00207707$ & $0.00928249$ & $0.0020288$ & $0.0818688$ & $0.0968539$ & $-0.0750489$ & $-0.036743$ & $-0.00913786$ & $0.0773301$ & $-0.0740262$ & $-0.020145$ & $-0.0369362$ & $-0.0735677$ & $-0.0802496$ & $-0.0670179$ & $0.0303371$ & $0.0531013$ & $0.0476267$ & $0.0482408$ & $-0.112689$ & $-0.0526581$ & $-0.0421794$ & $0.0984286$ & $0.0249093$ & $-0.00279841$ & $0.102526$ & $0.0134977$ & $-0.00590056$ & $0.0674438$ & $0.0941506$ & $-0.0973573$ & $-0.0516849$ & $-0.0843832$ & $0.0103181$ & $-0.0257126$ & $0.0541221$ & $0.144107$ & $-0.0640711$ & $0.186735$ & $-0.213517$ & $1$ & $-0.029023$ & $0.0707491$ & $0.136879$ & $-0.0248493$ \\
eHccint & $0.0863757$ & $-0.0491986$ & $0.334699$ & $-0.0227747$ & $-0.0463253$ & $-0.0360919$ & $0.0573488$ & $0.120957$ & $0.130023$ & $-0.0577257$ & $-0.0717201$ & $-0.0116947$ & $0.0561509$ & $-0.0698805$ & $-0.0439157$ & $-0.0603432$ & $-0.0674082$ & $-0.0685649$ & $-0.0530289$ & $0.0564024$ & $0.0873549$ & $0.0813336$ & $0.0506877$ & $-0.130991$ & $-0.0354752$ & $-0.0442092$ & $0.181766$ & $0.0668662$ & $-0.0247928$ & $-0.0705569$ & $0.0624828$ & $0.0706018$ & $0.032225$ & $0.142991$ & $0.235981$ & $0.0193598$ & $0.214245$ & $0.0563788$ & $0.0649189$ & $-0.00585951$ & $0.0213926$ & $0.00869367$ & $0.31669$ & $0.0463562$ & $-0.029023$ & $1$ & $0.0404347$ & $0.362215$ & $0.160049$ \\
eHccpar & $0.0730519$ & $0.112635$ & $0.005691$ & $0.00609666$ & $-0.0212924$ & $0.0160987$ & $0.0395144$ & $0.0312554$ & $0.0342759$ & $-0.0389545$ & $-0.0138586$ & $-0.0396148$ & $-0.0241947$ & $-0.0281621$ & $-0.078261$ & $-0.0386655$ & $-0.0240355$ & $0.0147047$ & $-0.0125907$ & $0.00659923$ & $0.0271421$ & $0.0276518$ & $0.0218347$ & $-0.0349042$ & $0.00893583$ & $0.0112825$ & $0.116989$ & $0.0110702$ & $-0.0135772$ & $-0.0220337$ & $0.231259$ & $0.0178394$ & $0.00465464$ & $0.0979199$ & $-0.125017$ & $-0.121514$ & $0.0775308$ & $0.0904343$ & $0.135075$ & $-0.0114771$ & $0.101418$ & $-0.0283597$ & $0.0652541$ & $-0.0397817$ & $0.0707491$ & $0.0404347$ & $1$ & $-0.0443381$ & $0.168227$ \\
eHbbint & $-0.10634$ & $-0.122369$ & $0.123965$ & $0.000651981$ & $-0.0376993$ & $-0.0544224$ & $0.0529727$ & $0.0803972$ & $0.0862597$ & $-0.0262675$ & $-0.0680993$ & $-0.0141695$ & $0.0408279$ & $-0.0130351$ & $0.0652203$ & $0.035351$ & $-0.0060787$ & $-0.0672217$ & $-0.0384915$ & $0.0628358$ & $0.0659252$ & $0.068323$ & $-0.0350475$ & $-0.0585629$ & $-0.0435383$ & $0.000938028$ & $0.00468276$ & $0.0370263$ & $-0.0216322$ & $-0.0221263$ & $-0.0204332$ & $0.0719248$ & $0.118837$ & $0.0170811$ & $0.115208$ & $0.103772$ & $0.0405874$ & $0.113$ & $0.223227$ & $0.0522412$ & $-0.0686567$ & $0.0135548$ & $0.221891$ & $0.00307723$ & $0.136879$ & $0.362215$ & $-0.0443381$ & $1$ & $0.134922$ \\
eHbbpar & $-0.0582803$ & $0.075386$ & $-0.00674655$ & $0.00730738$ & $0.00325684$ & $-0.0187265$ & $-0.00493337$ & $0.0240297$ & $0.0231284$ & $0.0019804$ & $-0.0203701$ & $-0.000420876$ & $0.0340927$ & $-0.00257033$ & $0.0327321$ & $-0.016238$ & $-0.00380267$ & $-0.0345635$ & $0.00993629$ & $0.018176$ & $0.0234$ & $0.0269462$ & $0.0219731$ & $-0.0167485$ & $-0.0145031$ & $-0.0146942$ & $0.0124428$ & $-0.00453979$ & $-0.070916$ & $-0.00995284$ & $0.0573891$ & $0.0144446$ & $0.355386$ & $-0.00365498$ & $0.131279$ & $-0.0526841$ & $-0.0608994$ & $0.0547165$ & $-0.129331$ & $0.066803$ & $0.0713428$ & $-0.0795379$ & $0.0117707$ & $-0.0329598$ & $-0.0248493$ & $0.160049$ & $0.168227$ & $0.134922$ & $1$ \\
