 & AlsMz & dAle5Mz & mtop & mHl & Mz & CW & CHG & CHWB & CHWHB_gaga & CHWHB_gagaorth & CHD & CHbox & CH & CHL1_11 & CHL1_22 & CHL1_33 & CHL3_11 & CHL3_22 & CHL3_33 & CHe_11 & CHe_22 & CHe_33 & CHQ1_11 & CHQ1_33 & CHQ3_11 & CHu_11 & CHd_11 & CHd_33 & CeH_22r & CeH_33r & CuH_22r & CuH_33r & CdH_33r & CLL_1221 & eHggint & eHggpar & eHWWint & eHWWpar & eHZZint & eHZZpar & eHZgaint & eHZgapar & eHgagaint & eHmumuint & eHtautauint & eHccint & eHccpar & eHbbint & eHbbpar \\
AlsMz & $1$ & $-0.349473$ & $-0.120143$ & $-0.291121$ & $-0.0383451$ & $-0.0011228$ & $0.0188068$ & $0.0478666$ & $0.0501954$ & $-0.0890113$ & $-0.0070571$ & $-0.0642635$ & $-0.0375826$ & $-0.0476627$ & $-0.0446734$ & $-0.0479116$ & $-0.0679269$ & $-0.0503699$ & $-0.042999$ & $-0.00125874$ & $0.0126537$ & $0.021475$ & $0.0714743$ & $-0.100888$ & $-0.0470874$ & $-0.0249422$ & $0.109832$ & $0.0102315$ & $-0.0467695$ & $-0.0385313$ & $-0.044345$ & $0.0111488$ & $-0.0472522$ & $0.0866051$ & $0.379629$ & $0.013591$ & $0.0552141$ & $-0.159929$ & $0.0134455$ & $0.20735$ & $-0.161176$ & $0.0493916$ & $0.257489$ & $0.0832104$ & $0.014873$ & $-0.164764$ & $-0.0747391$ & $0.357341$ & $-0.0969452$ \\
dAle5Mz & $-0.349473$ & $1$ & $0.447288$ & $0.207461$ & $0.0467455$ & $-0.00980451$ & $-0.0946276$ & $-0.143187$ & $-0.140341$ & $0.11321$ & $0.10465$ & $0.0179653$ & $-0.0016898$ & $-0.0153654$ & $-0.0394163$ & $-0.0140656$ & $0.0592367$ & $0.0706441$ & $0.0554051$ & $-0.0955407$ & $-0.106045$ & $-0.109894$ & $-0.0319543$ & $0.131163$ & $0.0741792$ & $0.0847239$ & $-0.0785077$ & $-0.0316302$ & $0.0555948$ & $0.0306738$ & $0.0313984$ & $-0.103918$ & $-0.00560942$ & $-0.0949088$ & $-0.147712$ & $-0.035631$ & $-0.00599212$ & $-0.0881301$ & $0.117303$ & $-0.231948$ & $0.173989$ & $-0.212506$ & $0.0110881$ & $0.132476$ & $0.34207$ & $0.307041$ & $0.220224$ & $-0.0681767$ & $-0.21769$ \\
mtop & $-0.120143$ & $0.447288$ & $1$ & $0.283124$ & $0.0345976$ & $0.0137423$ & $-0.111416$ & $0.0661364$ & $0.0698901$ & $-0.0812042$ & $-0.114158$ & $0.0354746$ & $0.0645038$ & $0.119114$ & $0.0908259$ & $0.107442$ & $0.0969356$ & $0.059526$ & $0.0515123$ & $0.120012$ & $0.112063$ & $0.109851$ & $-0.0921151$ & $0.0598073$ & $0.0752083$ & $-0.0336112$ & $-0.00131315$ & $0.0668515$ & $0.037567$ & $0.0744405$ & $0.0511389$ & $-0.120507$ & $0.0658352$ & $-0.0123511$ & $0.0115501$ & $-0.250031$ & $-0.18504$ & $-0.199396$ & $-0.214776$ & $0.0707814$ & $0.0794509$ & $0.0676979$ & $0.2364$ & $0.406612$ & $0.270637$ & $0.221363$ & $0.134521$ & $0.258562$ & $-0.0843084$ \\
mHl & $-0.291121$ & $0.207461$ & $0.283124$ & $1$ & $0.141041$ & $0.0288002$ & $0.122011$ & $0.0553862$ & $0.0616199$ & $0.0148342$ & $-0.0724401$ & $-0.0429373$ & $-0.0520395$ & $0.0613548$ & $0.143859$ & $0.115365$ & $0.0268359$ & $-0.0360409$ & $-0.0182211$ & $0.0819116$ & $0.0637688$ & $0.0628472$ & $-0.140418$ & $0.023129$ & $-0.0282281$ & $0.000918766$ & $-0.113034$ & $0.00680482$ & $0.0544251$ & $-0.0169992$ & $-0.070419$ & $0.127206$ & $-0.0173587$ & $-0.0824619$ & $0.0565187$ & $0.222208$ & $0.0474435$ & $-0.374138$ & $-0.403309$ & $0.0135614$ & $-0.0628509$ & $0.0460312$ & $-0.0637239$ & $-0.0424254$ & $-0.143748$ & $0.133659$ & $0.0631094$ & $-0.0257758$ & $0.246534$ \\
Mz & $-0.0383451$ & $0.0467455$ & $0.0345976$ & $0.141041$ & $1$ & $0.00104795$ & $-0.00964304$ & $0.0265239$ & $0.0278874$ & $0.00815344$ & $-0.0397766$ & $0.0414207$ & $0.0365979$ & $0.0516148$ & $0.0760997$ & $0.056229$ & $0.0321162$ & $-0.000661362$ & $0.0159655$ & $0.0498884$ & $0.0418898$ & $0.0396026$ & $-0.0333093$ & $0.0163348$ & $0.00792408$ & $-0.0381576$ & $-0.0537578$ & $0.0177007$ & $0.0180016$ & $0.0326819$ & $0.0156122$ & $-0.00152151$ & $0.0392637$ & $-0.0500852$ & $0.039675$ & $0.144377$ & $0.043894$ & $-0.0641042$ & $0.0117873$ & $-0.00940299$ & $0.0243468$ & $-0.0145956$ & $0.0440857$ & $0.0225314$ & $0.0190386$ & $-0.0323031$ & $0.132791$ & $-0.0115721$ & $-0.0554577$ \\
CW & $-0.0011228$ & $-0.00980451$ & $0.0137423$ & $0.0288002$ & $0.00104795$ & $1$ & $0.101222$ & $-0.0552629$ & $-0.0509909$ & $0.0335858$ & $0.170929$ & $-0.0250322$ & $-0.0651271$ & $-0.0676016$ & $-0.1196$ & $-0.133605$ & $-0.369816$ & $-0.172417$ & $-0.165463$ & $-0.171279$ & $-0.169273$ & $-0.171837$ & $0.0411251$ & $-0.144704$ & $-0.201284$ & $0.119101$ & $-0.0124421$ & $-0.104953$ & $-0.0282536$ & $-0.0379319$ & $-0.0402772$ & $0.108731$ & $-0.04631$ & $-0.0730433$ & $0.0896262$ & $0.00746706$ & $0.039514$ & $-0.0810501$ & $-0.0203281$ & $0.0305869$ & $-0.0847209$ & $-0.00324317$ & $0.00127291$ & $0.0275817$ & $-0.0971007$ & $0.0201276$ & $-0.0382191$ & $0.000775608$ & $0.0562163$ \\
CHG & $0.0188068$ & $-0.0946276$ & $-0.111416$ & $0.122011$ & $-0.00964304$ & $0.101222$ & $1$ & $-0.0227335$ & $0.00877084$ & $0.175211$ & $0.115897$ & $-0.741255$ & $-0.780283$ & $-0.170429$ & $-0.0596986$ & $-0.0943154$ & $-0.196997$ & $-0.163179$ & $-0.144286$ & $-0.116232$ & $-0.110898$ & $-0.113255$ & $0.0255661$ & $-0.120237$ & $-0.133145$ & $0.0822977$ & $0.0591199$ & $-0.0449506$ & $-0.0801913$ & $-0.557392$ & $-0.359779$ & $0.95995$ & $-0.604129$ & $0.0121964$ & $0.101834$ & $0.115164$ & $0.0292168$ & $-0.0205086$ & $0.00742729$ & $-0.05023$ & $-0.59131$ & $-0.132545$ & $0.216724$ & $0.0116979$ & $-0.110468$ & $0.212883$ & $-0.209363$ & $-0.212201$ & $0.0964148$ \\
CHWB & $0.0478666$ & $-0.143187$ & $0.0661364$ & $0.0553862$ & $0.0265239$ & $-0.0552629$ & $-0.0227335$ & $1$ & $0.991563$ & $-0.563493$ & $-0.872984$ & $-0.0421077$ & $0.0592128$ & $0.308854$ & $0.50495$ & $0.479001$ & $-0.152546$ & $-0.363087$ & $-0.360462$ & $0.857614$ & $0.886395$ & $0.878076$ & $-0.0413281$ & $-0.584055$ & $-0.333251$ & $-0.602128$ & $0.376419$ & $0.43237$ & $-0.017315$ & $0.0544908$ & $0.0436138$ & $-0.0291655$ & $0.068395$ & $0.51012$ & $-0.0819524$ & $-0.0558587$ & $-0.124725$ & $0.0354412$ & $-0.108204$ & $-0.0331899$ & $0.0962727$ & $0.040972$ & $0.0425171$ & $0.0031183$ & $0.0109867$ & $0.0384074$ & $0.00588269$ & $0.118852$ & $0.0765116$ \\
CHWHB_gaga & $0.0501954$ & $-0.140341$ & $0.0698901$ & $0.0616199$ & $0.0278874$ & $-0.0509909$ & $0.00877084$ & $0.991563$ & $1$ & $-0.55915$ & $-0.86062$ & $-0.0494448$ & $0.0461476$ & $0.296933$ & $0.501449$ & $0.476644$ & $-0.161802$ & $-0.370669$ & $-0.368977$ & $0.845816$ & $0.873655$ & $0.865234$ & $-0.0426886$ & $-0.584444$ & $-0.339735$ & $-0.592121$ & $0.372247$ & $0.427471$ & $-0.0117449$ & $0.0610954$ & $0.0472608$ & $-0.00114537$ & $0.07566$ & $0.504347$ & $-0.0797832$ & $-0.050859$ & $-0.122208$ & $0.0290311$ & $-0.105996$ & $-0.0293919$ & $0.0876516$ & $0.0385855$ & $0.0524819$ & $0.00515483$ & $0.0115052$ & $0.0431942$ & $0.0086617$ & $0.117646$ & $0.0793325$ \\
CHWHB_gagaorth & $-0.0890113$ & $0.11321$ & $-0.0812042$ & $0.0148342$ & $0.00815344$ & $0.0335858$ & $0.175211$ & $-0.563493$ & $-0.55915$ & $1$ & $0.489779$ & $-0.0242279$ & $-0.225665$ & $-0.176618$ & $-0.285035$ & $-0.264425$ & $0.0946784$ & $0.208968$ & $0.20398$ & $-0.480785$ & $-0.497148$ & $-0.492169$ & $0.0423778$ & $0.336883$ & $0.207353$ & $0.318095$ & $-0.188287$ & $-0.249835$ & $-0.00668021$ & $-0.22421$ & $-0.134958$ & $0.195192$ & $-0.253644$ & $-0.283046$ & $0.0506143$ & $0.130564$ & $0.111154$ & $-0.0234815$ & $0.166187$ & $0.0153188$ & $-0.131439$ & $-0.0481803$ & $-0.00395858$ & $-0.0341694$ & $0.00829174$ & $0.0171232$ & $0.00334438$ & $-0.17711$ & $-0.0500998$ \\
CHD & $-0.0070571$ & $0.10465$ & $-0.114158$ & $-0.0724401$ & $-0.0397766$ & $0.170929$ & $0.115897$ & $-0.872984$ & $-0.86062$ & $0.489779$ & $1$ & $-0.00137493$ & $-0.139783$ & $-0.698047$ & $-0.615855$ & $-0.601392$ & $-0.323909$ & $-0.0729194$ & $-0.0745792$ & $-0.995534$ & $-0.995805$ & $-0.98568$ & $0.106342$ & $0.1545$ & $-0.112502$ & $0.686119$ & $-0.242557$ & $-0.477138$ & $0.0108079$ & $-0.111039$ & $-0.089104$ & $0.128356$ & $-0.135865$ & $-0.299342$ & $0.104145$ & $0.0774134$ & $0.130046$ & $-0.0730126$ & $0.110684$ & $0.0451169$ & $-0.177518$ & $-0.0576175$ & $-0.0492114$ & $-0.0142008$ & $-0.0553058$ & $-0.0506234$ & $-0.0698659$ & $-0.136016$ & $-0.0492434$ \\
CHbox & $-0.0642635$ & $0.0179653$ & $0.0354746$ & $-0.0429373$ & $0.0414207$ & $-0.0250322$ & $-0.741255$ & $-0.0421077$ & $-0.0494448$ & $-0.0242279$ & $-0.00137493$ & $1$ & $0.960676$ & $0.0461033$ & $0.0170801$ & $0.0406797$ & $0.0891774$ & $0.0737338$ & $0.0626841$ & $0.00385677$ & $-0.00352222$ & $0.000454257$ & $-0.0015348$ & $0.0760554$ & $0.05022$ & $-0.0195522$ & $-0.0858976$ & $-0.0460262$ & $0.131022$ & $0.667763$ & $0.396912$ & $-0.669551$ & $0.726765$ & $-0.0449331$ & $-0.141718$ & $-0.00241587$ & $0.215714$ & $0.015921$ & $0.0501459$ & $0.203366$ & $0.594306$ & $0.150043$ & $-0.453693$ & $-0.207447$ & $-0.0623177$ & $-0.399326$ & $0.217744$ & $0.171217$ & $0.0185136$ \\
CH & $-0.0375826$ & $-0.0016898$ & $0.0645038$ & $-0.0520395$ & $0.0365979$ & $-0.0651271$ & $-0.780283$ & $0.0592128$ & $0.0461476$ & $-0.225665$ & $-0.139783$ & $0.960676$ & $1$ & $0.169694$ & $0.082154$ & $0.104784$ & $0.175654$ & $0.131898$ & $0.120728$ & $0.138638$ & $0.135708$ & $0.137642$ & $-0.0125823$ & $0.0864291$ & $0.109911$ & $-0.112879$ & $-0.0429113$ & $0.0280825$ & $0.119549$ & $0.659901$ & $0.405819$ & $-0.727628$ & $0.720335$ & $0.000856961$ & $-0.165034$ & $-0.0498675$ & $0.1632$ & $0.0336668$ & $0.00621548$ & $0.182815$ & $0.624632$ & $0.161259$ & $-0.426715$ & $-0.191528$ & $-0.0461419$ & $-0.383371$ & $0.226971$ & $0.218072$ & $0.0220268$ \\
CHL1_11 & $-0.0476627$ & $-0.0153654$ & $0.119114$ & $0.0613548$ & $0.0516148$ & $-0.0676016$ & $-0.170429$ & $0.308854$ & $0.296933$ & $-0.176618$ & $-0.698047$ & $0.0461033$ & $0.169694$ & $1$ & $0.436515$ & $0.441148$ & $0.680723$ & $0.617851$ & $0.618832$ & $0.707101$ & $0.673974$ & $0.664871$ & $-0.13888$ & $0.462964$ & $0.626762$ & $-0.473187$ & $-0.039311$ & $0.308391$ & $-0.00524408$ & $0.12472$ & $0.102647$ & $-0.185372$ & $0.155028$ & $-0.156766$ & $-0.0652363$ & $-0.0681127$ & $-0.0681271$ & $0.0901809$ & $-0.0625831$ & $-0.0344836$ & $0.19405$ & $0.046186$ & $0.0388959$ & $0.0207265$ & $0.0711431$ & $0.0561292$ & $0.107599$ & $0.102222$ & $0.00863379$ \\
CHL1_22 & $-0.0446734$ & $-0.0394163$ & $0.0908259$ & $0.143859$ & $0.0760997$ & $-0.1196$ & $-0.0596986$ & $0.50495$ & $0.501449$ & $-0.285035$ & $-0.615855$ & $0.0170801$ & $0.082154$ & $0.436515$ & $1$ & $0.555481$ & $0.2191$ & $-0.266503$ & $0.025846$ & $0.654536$ & $0.566642$ & $0.55835$ & $-0.205438$ & $0.0470244$ & $-0.0402184$ & $-0.406039$ & $-0.290287$ & $0.271172$ & $0.0157037$ & $0.0854168$ & $0.057156$ & $-0.0621082$ & $0.084698$ & $-0.446396$ & $-0.0644187$ & $0.00594997$ & $-0.104167$ & $0.00107404$ & $-0.0673948$ & $-0.0345423$ & $0.106296$ & $0.0229871$ & $0.0236216$ & $0.0527556$ & $0.0991618$ & $0.0180699$ & $0.0741234$ & $0.0307047$ & $-0.0177412$ \\
CHL1_33 & $-0.0479116$ & $-0.0140656$ & $0.107442$ & $0.115365$ & $0.056229$ & $-0.133605$ & $-0.0943154$ & $0.479001$ & $0.476644$ & $-0.264425$ & $-0.601392$ & $0.0406797$ & $0.104784$ & $0.441148$ & $0.555481$ & $1$ & $0.243124$ & $0.0550963$ & $-0.237387$ & $0.640664$ & $0.552812$ & $0.566409$ & $-0.215412$ & $0.0731081$ & $-0.0116806$ & $-0.382981$ & $-0.292153$ & $0.272434$ & $0.0233628$ & $0.0939726$ & $0.0507706$ & $-0.100452$ & $0.0877703$ & $-0.0118743$ & $-0.0455523$ & $0.0370355$ & $-0.0735263$ & $0.0190531$ & $-0.0737084$ & $-0.0399923$ & $0.138504$ & $0.0688403$ & $0.0676537$ & $0.045655$ & $0.0971756$ & $0.0331599$ & $0.132163$ & $0.0342837$ & $0.00952101$ \\
CHL3_11 & $-0.0679269$ & $0.0592367$ & $0.0969356$ & $0.0268359$ & $0.0321162$ & $-0.369816$ & $-0.196997$ & $-0.152546$ & $-0.161802$ & $0.0946784$ & $-0.323909$ & $0.0891774$ & $0.175654$ & $0.680723$ & $0.2191$ & $0.243124$ & $1$ & $0.824668$ & $0.820989$ & $0.335036$ & $0.301172$ & $0.297311$ & $-0.105542$ & $0.758919$ & $0.858011$ & $-0.222271$ & $-0.147072$ & $0.131455$ & $0.013406$ & $0.121331$ & $0.0976197$ & $-0.209952$ & $0.145505$ & $-0.240625$ & $-0.0650173$ & $-0.0509285$ & $-0.0277618$ & $0.081355$ & $-0.0125152$ & $-0.0206527$ & $0.172862$ & $0.0429907$ & $0.00958206$ & $0.0164897$ & $0.0916798$ & $0.0107254$ & $0.129827$ & $0.0480609$ & $-0.0562745$ \\
CHL3_22 & $-0.0503699$ & $0.0706441$ & $0.059526$ & $-0.0360409$ & $-0.000661362$ & $-0.172417$ & $-0.163179$ & $-0.363087$ & $-0.370669$ & $0.208968$ & $-0.0729194$ & $0.0737338$ & $0.131898$ & $0.617851$ & $-0.266503$ & $0.0550963$ & $0.824668$ & $1$ & $0.796742$ & $0.0725523$ & $0.0672741$ & $0.0683105$ & $-0.028378$ & $0.751506$ & $0.878605$ & $-0.0525417$ & $-0.046552$ & $0.0171294$ & $0.00267033$ & $0.0782134$ & $0.0702633$ & $-0.175472$ & $0.104211$ & $-0.0645748$ & $-0.0221073$ & $-0.0518056$ & $0.0265083$ & $0.0833907$ & $0.0118733$ & $-0.00977403$ & $0.127978$ & $0.0346213$ & $0.0137113$ & $-0.00621147$ & $0.0365162$ & $0.0213864$ & $0.0965727$ & $0.0405447$ & $-0.0313603$ \\
CHL3_33 & $-0.042999$ & $0.0554051$ & $0.0515123$ & $-0.0182211$ & $0.0159655$ & $-0.165463$ & $-0.144286$ & $-0.360462$ & $-0.368977$ & $0.20398$ & $-0.0745792$ & $0.0626841$ & $0.120728$ & $0.618832$ & $0.025846$ & $-0.237387$ & $0.820989$ & $0.796742$ & $1$ & $0.0739356$ & $0.0692298$ & $0.066888$ & $-0.023687$ & $0.750519$ & $0.876384$ & $-0.0593191$ & $-0.0442527$ & $0.0136869$ & $-0.000750759$ & $0.0768117$ & $0.0728783$ & $-0.153951$ & $0.104167$ & $-0.367301$ & $-0.0328916$ & $-0.0716974$ & $0.00663028$ & $0.0701617$ & $0.0163389$ & $-0.00152473$ & $0.107343$ & $0.0044061$ & $-0.0153776$ & $-0.000815528$ & $0.0369555$ & $0.00790293$ & $0.0594299$ & $0.0422345$ & $-0.0533829$ \\
CHe_11 & $-0.00125874$ & $-0.0955407$ & $0.120012$ & $0.0819116$ & $0.0498884$ & $-0.171279$ & $-0.116232$ & $0.857614$ & $0.845816$ & $-0.480785$ & $-0.995534$ & $0.00385677$ & $0.138638$ & $0.707101$ & $0.654536$ & $0.640664$ & $0.335036$ & $0.0725523$ & $0.0739356$ & $1$ & $0.986684$ & $0.976983$ & $-0.122069$ & $-0.123657$ & $0.116695$ & $-0.681945$ & $0.189895$ & $0.472727$ & $-0.00736161$ & $0.112389$ & $0.0892598$ & $-0.128003$ & $0.135231$ & $0.244585$ & $-0.103008$ & $-0.0712853$ & $-0.129054$ & $0.0683262$ & $-0.112036$ & $-0.0502504$ & $0.178668$ & $0.0577268$ & $0.0537453$ & $0.019112$ & $0.0615813$ & $0.0538181$ & $0.0771801$ & $0.1295$ & $0.0448158$ \\
CHe_22 & $0.0126537$ & $-0.106045$ & $0.112063$ & $0.0637688$ & $0.0418898$ & $-0.169273$ & $-0.110898$ & $0.886395$ & $0.873655$ & $-0.497148$ & $-0.995805$ & $-0.00352222$ & $0.135708$ & $0.673974$ & $0.566642$ & $0.552812$ & $0.301172$ & $0.0672741$ & $0.0692298$ & $0.986684$ & $1$ & $0.987886$ & $-0.0864523$ & $-0.194082$ & $0.101501$ & $-0.68694$ & $0.300698$ & $0.479171$ & $-0.01374$ & $0.106096$ & $0.0868207$ & $-0.123483$ & $0.132401$ & $0.36101$ & $-0.104951$ & $-0.0848278$ & $-0.129435$ & $0.074585$ & $-0.110186$ & $-0.0434307$ & $0.172914$ & $0.053859$ & $0.047344$ & $0.00957269$ & $0.0480797$ & $0.0517187$ & $0.0615857$ & $0.141259$ & $0.0536403$ \\
CHe_33 & $0.021475$ & $-0.109894$ & $0.109851$ & $0.0628472$ & $0.0396026$ & $-0.171837$ & $-0.113255$ & $0.878076$ & $0.865234$ & $-0.492169$ & $-0.98568$ & $0.000454257$ & $0.137642$ & $0.664871$ & $0.55835$ & $0.566409$ & $0.297311$ & $0.0683105$ & $0.066888$ & $0.976983$ & $0.987886$ & $1$ & $-0.0908439$ & $-0.193082$ & $0.0992897$ & $-0.674505$ & $0.296863$ & $0.474659$ & $-0.00956776$ & $0.108854$ & $0.0851206$ & $-0.124602$ & $0.133964$ & $0.362864$ & $-0.102636$ & $-0.0765951$ & $-0.123995$ & $0.0733379$ & $-0.110571$ & $-0.0405356$ & $0.171623$ & $0.0597831$ & $0.0460427$ & $0.0120372$ & $0.0498627$ & $0.0436397$ & $0.0653986$ & $0.143681$ & $0.0453019$ \\
CHQ1_11 & $0.0714743$ & $-0.0319543$ & $-0.0921151$ & $-0.140418$ & $-0.0333093$ & $0.0411251$ & $0.0255661$ & $-0.0413281$ & $-0.0426886$ & $0.0423778$ & $0.106342$ & $-0.0015348$ & $-0.0125823$ & $-0.13888$ & $-0.205438$ & $-0.215412$ & $-0.105542$ & $-0.028378$ & $-0.023687$ & $-0.122069$ & $-0.0864523$ & $-0.0908439$ & $1$ & $-0.111608$ & $0.0284545$ & $-0.514975$ & $0.310204$ & $-0.0376128$ & $-0.0260191$ & $-0.0391471$ & $-0.0105666$ & $0.0239094$ & $-0.0251389$ & $0.152704$ & $-0.00653338$ & $-0.0612661$ & $0.0180822$ & $0.0405392$ & $0.0526726$ & $0.0267488$ & $-0.030431$ & $-0.090229$ & $-0.0568237$ & $-0.0611133$ & $-0.0628157$ & $-0.0190487$ & $-0.101204$ & $0.0146773$ & $0.0110158$ \\
CHQ1_33 & $-0.100888$ & $0.131163$ & $0.0598073$ & $0.023129$ & $0.0163348$ & $-0.144704$ & $-0.120237$ & $-0.584055$ & $-0.584444$ & $0.336883$ & $0.1545$ & $0.0760554$ & $0.0864291$ & $0.462964$ & $0.0470244$ & $0.0731081$ & $0.758919$ & $0.751506$ & $0.750519$ & $-0.123657$ & $-0.194082$ & $-0.193082$ & $-0.111608$ & $1$ & $0.766508$ & $0.120049$ & $-0.382143$ & $-0.0351888$ & $0.018964$ & $0.0622874$ & $0.0601549$ & $-0.125088$ & $0.0685673$ & $-0.596021$ & $-0.0150174$ & $0.0152997$ & $0.0319432$ & $0.0341416$ & $0.0430103$ & $-0.0239244$ & $0.0815915$ & $-0.00399264$ & $-0.0107476$ & $0.00868588$ & $0.0789476$ & $-0.000326598$ & $0.12103$ & $-0.0370137$ & $-0.0794437$ \\
CHQ3_11 & $-0.0470874$ & $0.0741792$ & $0.0752083$ & $-0.0282281$ & $0.00792408$ & $-0.201284$ & $-0.133145$ & $-0.333251$ & $-0.339735$ & $0.207353$ & $-0.112502$ & $0.05022$ & $0.109911$ & $0.626762$ & $-0.0402184$ & $-0.0116806$ & $0.858011$ & $0.878605$ & $0.876384$ & $0.116695$ & $0.101501$ & $0.0992897$ & $0.0284545$ & $0.766508$ & $1$ & $-0.0799728$ & $0.11878$ & $0.0436705$ & $0.00622401$ & $0.0711296$ & $0.0672146$ & $-0.14833$ & $0.0911059$ & $-0.246624$ & $-0.0528789$ & $-0.0756945$ & $-0.0153912$ & $0.0775266$ & $0.029474$ & $-0.0099385$ & $0.128483$ & $0.00866095$ & $-0.000243135$ & $0.00770311$ & $0.0508557$ & $0.0401137$ & $0.0781416$ & $0.0525019$ & $-0.0425744$ \\
CHu_11 & $-0.0249422$ & $0.0847239$ & $-0.0336112$ & $0.000918766$ & $-0.0381576$ & $0.119101$ & $0.0822977$ & $-0.602128$ & $-0.592121$ & $0.318095$ & $0.686119$ & $-0.0195522$ & $-0.112879$ & $-0.473187$ & $-0.406039$ & $-0.382981$ & $-0.222271$ & $-0.0525417$ & $-0.0593191$ & $-0.681945$ & $-0.68694$ & $-0.674505$ & $-0.514975$ & $0.120049$ & $-0.0799728$ & $1$ & $-0.16378$ & $-0.323088$ & $0.0176791$ & $-0.0683874$ & $-0.0747708$ & $0.0919739$ & $-0.0959512$ & $-0.224842$ & $0.0810221$ & $0.078985$ & $0.0701248$ & $-0.0893457$ & $0.0426496$ & $0.0208916$ & $-0.128613$ & $0.0187226$ & $0.0110621$ & $0.0321084$ & $-0.0171424$ & $-0.0157847$ & $-0.00487228$ & $-0.0832024$ & $-0.0410949$ \\
CHd_11 & $0.109832$ & $-0.0785077$ & $-0.00131315$ & $-0.113034$ & $-0.0537578$ & $-0.0124421$ & $0.0591199$ & $0.376419$ & $0.372247$ & $-0.188287$ & $-0.242557$ & $-0.0858976$ & $-0.0429113$ & $-0.039311$ & $-0.290287$ & $-0.292153$ & $-0.147072$ & $-0.046552$ & $-0.0442527$ & $0.189895$ & $0.300698$ & $0.296863$ & $0.310204$ & $-0.382143$ & $0.11878$ & $-0.16378$ & $1$ & $0.150944$ & $-0.0307888$ & $-0.0370136$ & $-0.00271541$ & $0.0489441$ & $-0.0251733$ & $0.664772$ & $-0.0668534$ & $-0.110649$ & $-0.0709057$ & $0.0373718$ & $0.0042604$ & $0.00213381$ & $-0.00103415$ & $-0.02512$ & $-0.00581475$ & $-0.0409606$ & $-0.0676942$ & $0.0438399$ & $-0.0825625$ & $0.119757$ & $0.0574991$ \\
CHd_33 & $0.0102315$ & $-0.0316302$ & $0.0668515$ & $0.00680482$ & $0.0177007$ & $-0.104953$ & $-0.0449506$ & $0.43237$ & $0.427471$ & $-0.249835$ & $-0.477138$ & $-0.0460262$ & $0.0280825$ & $0.308391$ & $0.271172$ & $0.272434$ & $0.131455$ & $0.0171294$ & $0.0136869$ & $0.472727$ & $0.479171$ & $0.474659$ & $-0.0376128$ & $-0.0351888$ & $0.0436705$ & $-0.323088$ & $0.150944$ & $1$ & $-0.0133045$ & $0.02476$ & $-0.00281757$ & $-0.0584058$ & $0.0294264$ & $0.182024$ & $-0.0592554$ & $-0.0343967$ & $-0.122813$ & $0.0195713$ & $-0.0475172$ & $-0.0363533$ & $0.0641457$ & $-0.00843343$ & $0.0529271$ & $0.0370227$ & $0.078972$ & $0.0544365$ & $0.0508224$ & $0.0589364$ & $0.000698242$ \\
CeH_22r & $-0.0467695$ & $0.0555948$ & $0.037567$ & $0.0544251$ & $0.0180016$ & $-0.0282536$ & $-0.0801913$ & $-0.017315$ & $-0.0117449$ & $-0.00668021$ & $0.0108079$ & $0.131022$ & $0.119549$ & $-0.00524408$ & $0.0157037$ & $0.0233628$ & $0.013406$ & $0.00267033$ & $-0.000750759$ & $-0.00736161$ & $-0.01374$ & $-0.00956776$ & $-0.0260191$ & $0.018964$ & $0.00622401$ & $0.0176791$ & $-0.0307888$ & $-0.0133045$ & $1$ & $0.128194$ & $0.0822444$ & $-0.0847701$ & $0.123513$ & $-0.0258695$ & $-0.0776418$ & $0.0476573$ & $0.0218081$ & $-0.00281408$ & $-0.00861936$ & $-0.00136242$ & $0.0729267$ & $0.0312392$ & $-0.062585$ & $-0.0516043$ & $0.0554792$ & $-0.0421983$ & $0.0898216$ & $-0.0235645$ & $0.00370447$ \\
CeH_33r & $-0.0385313$ & $0.0306738$ & $0.0744405$ & $-0.0169992$ & $0.0326819$ & $-0.0379319$ & $-0.557392$ & $0.0544908$ & $0.0610954$ & $-0.22421$ & $-0.111039$ & $0.667763$ & $0.659901$ & $0.12472$ & $0.0854168$ & $0.0939726$ & $0.121331$ & $0.0782134$ & $0.0768117$ & $0.112389$ & $0.106096$ & $0.108854$ & $-0.0391471$ & $0.0622874$ & $0.0711296$ & $-0.0683874$ & $-0.0370136$ & $0.02476$ & $0.128194$ & $1$ & $0.496054$ & $-0.443491$ & $0.836497$ & $-0.0147337$ & $-0.113702$ & $-0.034095$ & $0.11715$ & $0.0027598$ & $0.000747202$ & $0.130088$ & $0.417992$ & $0.0969842$ & $-0.298268$ & $-0.10934$ & $-0.0127159$ & $-0.256873$ & $0.163466$ & $0.157494$ & $-0.00859173$ \\
CuH_22r & $-0.044345$ & $0.0313984$ & $0.0511389$ & $-0.070419$ & $0.0156122$ & $-0.0402772$ & $-0.359779$ & $0.0436138$ & $0.0472608$ & $-0.134958$ & $-0.089104$ & $0.396912$ & $0.405819$ & $0.102647$ & $0.057156$ & $0.0507706$ & $0.0976197$ & $0.0702633$ & $0.0728783$ & $0.0892598$ & $0.0868207$ & $0.0851206$ & $-0.0105666$ & $0.0601549$ & $0.0672146$ & $-0.0747708$ & $-0.00271541$ & $-0.00281757$ & $0.0822444$ & $0.496054$ & $1$ & $-0.279824$ & $0.547909$ & $-0.000744464$ & $-0.145053$ & $-0.0419972$ & $0.0338371$ & $0.0445812$ & $0.0165734$ & $0.0648143$ & $0.27552$ & $0.0355852$ & $-0.174383$ & $-0.0933383$ & $0.0189385$ & $-0.133351$ & $0.158899$ & $0.0651982$ & $-0.0257623$ \\
CuH_33r & $0.0111488$ & $-0.103918$ & $-0.120507$ & $0.127206$ & $-0.00152151$ & $0.108731$ & $0.95995$ & $-0.0291655$ & $-0.00114537$ & $0.195192$ & $0.128356$ & $-0.669551$ & $-0.727628$ & $-0.185372$ & $-0.0621082$ & $-0.100452$ & $-0.209952$ & $-0.175472$ & $-0.153951$ & $-0.128003$ & $-0.123483$ & $-0.124602$ & $0.0239094$ & $-0.125088$ & $-0.14833$ & $0.0919739$ & $0.0489441$ & $-0.0584058$ & $-0.0847701$ & $-0.443491$ & $-0.279824$ & $1$ & $-0.461168$ & $0.00681369$ & $0.111215$ & $0.131365$ & $0.0846391$ & $-0.0178162$ & $0.0153076$ & $-0.0124645$ & $-0.586476$ & $-0.124355$ & $0.162978$ & $-0.0143795$ & $-0.14108$ & $0.1696$ & $-0.211496$ & $-0.206553$ & $0.113175$ \\
CdH_33r & $-0.0472522$ & $-0.00560942$ & $0.0658352$ & $-0.0173587$ & $0.0392637$ & $-0.04631$ & $-0.604129$ & $0.068395$ & $0.07566$ & $-0.253644$ & $-0.135865$ & $0.726765$ & $0.720335$ & $0.155028$ & $0.084698$ & $0.0877703$ & $0.145505$ & $0.104211$ & $0.104167$ & $0.135231$ & $0.132401$ & $0.133964$ & $-0.0251389$ & $0.0685673$ & $0.0911059$ & $-0.0959512$ & $-0.0251733$ & $0.0294264$ & $0.123513$ & $0.836497$ & $0.547909$ & $-0.461168$ & $1$ & $0.000782351$ & $-0.107039$ & $-0.0523205$ & $0.152086$ & $0.0084863$ & $-0.027113$ & $0.154966$ & $0.428647$ & $0.12066$ & $-0.335953$ & $-0.136601$ & $-0.0749434$ & $-0.279432$ & $0.139448$ & $0.175578$ & $0.0470757$ \\
CLL_1221 & $0.0866051$ & $-0.0949088$ & $-0.0123511$ & $-0.0824619$ & $-0.0500852$ & $-0.0730433$ & $0.0121964$ & $0.51012$ & $0.504347$ & $-0.283046$ & $-0.299342$ & $-0.0449331$ & $0.000856961$ & $-0.156766$ & $-0.446396$ & $-0.0118743$ & $-0.240625$ & $-0.0645748$ & $-0.367301$ & $0.244585$ & $0.36101$ & $0.362864$ & $0.152704$ & $-0.596021$ & $-0.246624$ & $-0.224842$ & $0.664772$ & $0.182024$ & $-0.0258695$ & $-0.0147337$ & $-0.000744464$ & $0.00681369$ & $0.000782351$ & $1$ & $-0.0366615$ & $-0.0590155$ & $-0.0328089$ & $0.0394309$ & $-0.0412497$ & $0.00037658$ & $0.0131364$ & $0.0300101$ & $0.0188622$ & $-0.0457746$ & $-0.0647585$ & $0.0114412$ & $-0.0442153$ & $0.0901113$ & $0.076317$ \\
eHggint & $0.379629$ & $-0.147712$ & $0.0115501$ & $0.0565187$ & $0.039675$ & $0.0896262$ & $0.101834$ & $-0.0819524$ & $-0.0797832$ & $0.0506143$ & $0.104145$ & $-0.141718$ & $-0.165034$ & $-0.0652363$ & $-0.0644187$ & $-0.0455523$ & $-0.0650173$ & $-0.0221073$ & $-0.0328916$ & $-0.103008$ & $-0.104951$ & $-0.102636$ & $-0.00653338$ & $-0.0150174$ & $-0.0528789$ & $0.0810221$ & $-0.0668534$ & $-0.0592554$ & $-0.0776418$ & $-0.113702$ & $-0.145053$ & $0.111215$ & $-0.107039$ & $-0.0366615$ & $1$ & $0.0331958$ & $0.204605$ & $-0.16908$ & $-0.148482$ & $0.20615$ & $-0.327096$ & $0.0379222$ & $0.350062$ & $0.433072$ & $-0.149375$ & $0.101876$ & $-0.307214$ & $0.432069$ & $0.161494$ \\
eHggpar & $0.013591$ & $-0.035631$ & $-0.250031$ & $0.222208$ & $0.144377$ & $0.00746706$ & $0.115164$ & $-0.0558587$ & $-0.050859$ & $0.130564$ & $0.0774134$ & $-0.00241587$ & $-0.0498675$ & $-0.0681127$ & $0.00594997$ & $0.0370355$ & $-0.0509285$ & $-0.0518056$ & $-0.0716974$ & $-0.0712853$ & $-0.0848278$ & $-0.0765951$ & $-0.0612661$ & $0.0152997$ & $-0.0756945$ & $0.078985$ & $-0.110649$ & $-0.0343967$ & $0.0476573$ & $-0.034095$ & $-0.0419972$ & $0.131365$ & $-0.0523205$ & $-0.0590155$ & $0.0331958$ & $1$ & $0.194266$ & $-0.0712224$ & $0.150633$ & $-0.0173398$ & $-0.0759377$ & $0.0643543$ & $-0.145705$ & $-0.282262$ & $0.209125$ & $-0.379289$ & $0.468652$ & $-0.477185$ & $-0.0997946$ \\
eHWWint & $0.0552141$ & $-0.00599212$ & $-0.18504$ & $0.0474435$ & $0.043894$ & $0.039514$ & $0.0292168$ & $-0.124725$ & $-0.122208$ & $0.111154$ & $0.130046$ & $0.215714$ & $0.1632$ & $-0.0681271$ & $-0.104167$ & $-0.0735263$ & $-0.0277618$ & $0.0265083$ & $0.00663028$ & $-0.129054$ & $-0.129435$ & $-0.123995$ & $0.0180822$ & $0.0319432$ & $-0.0153912$ & $0.0701248$ & $-0.0709057$ & $-0.122813$ & $0.0218081$ & $0.11715$ & $0.0338371$ & $0.0846391$ & $0.152086$ & $-0.0328089$ & $0.204605$ & $0.194266$ & $1$ & $0.130509$ & $0.0600628$ & $0.269761$ & $0.0265524$ & $0.03843$ & $-0.306976$ & $-0.453502$ & $-0.287969$ & $-0.0440582$ & $-0.167056$ & $-0.074423$ & $0.221178$ \\
eHWWpar & $-0.159929$ & $-0.0881301$ & $-0.199396$ & $-0.374138$ & $-0.0641042$ & $-0.0810501$ & $-0.0205086$ & $0.0354412$ & $0.0290311$ & $-0.0234815$ & $-0.0730126$ & $0.015921$ & $0.0336668$ & $0.0901809$ & $0.00107404$ & $0.0190531$ & $0.081355$ & $0.0833907$ & $0.0701617$ & $0.0683262$ & $0.074585$ & $0.0733379$ & $0.0405392$ & $0.0341416$ & $0.0775266$ & $-0.0893457$ & $0.0373718$ & $0.0195713$ & $-0.00281408$ & $0.0027598$ & $0.0445812$ & $-0.0178162$ & $0.0084863$ & $0.0394309$ & $-0.16908$ & $-0.0712224$ & $0.130509$ & $1$ & $0.350932$ & $-0.14709$ & $0.132181$ & $-0.0458355$ & $-0.0707017$ & $-0.151136$ & $0.234211$ & $-0.0259321$ & $-0.291778$ & $-0.243566$ & $0.0540983$ \\
eHZZint & $0.0134455$ & $0.117303$ & $-0.214776$ & $-0.403309$ & $0.0117873$ & $-0.0203281$ & $0.00742729$ & $-0.108204$ & $-0.105996$ & $0.166187$ & $0.110684$ & $0.0501459$ & $0.00621548$ & $-0.0625831$ & $-0.0673948$ & $-0.0737084$ & $-0.0125152$ & $0.0118733$ & $0.0163389$ & $-0.112036$ & $-0.110186$ & $-0.110571$ & $0.0526726$ & $0.0430103$ & $0.029474$ & $0.0426496$ & $0.0042604$ & $-0.0475172$ & $-0.00861936$ & $0.000747202$ & $0.0165734$ & $0.0153076$ & $-0.027113$ & $-0.0412497$ & $-0.148482$ & $0.150633$ & $0.0600628$ & $0.350932$ & $1$ & $0.151048$ & $0.288782$ & $-0.0707057$ & $-0.0414012$ & $0.0276612$ & $0.44989$ & $-0.00889439$ & $0.114883$ & $-0.168552$ & $-0.236031$ \\
eHZZpar & $0.20735$ & $-0.231948$ & $0.0707814$ & $0.0135614$ & $-0.00940299$ & $0.0305869$ & $-0.05023$ & $-0.0331899$ & $-0.0293919$ & $0.0153188$ & $0.0451169$ & $0.203366$ & $0.182815$ & $-0.0344836$ & $-0.0345423$ & $-0.0399923$ & $-0.0206527$ & $-0.00977403$ & $-0.00152473$ & $-0.0502504$ & $-0.0434307$ & $-0.0405356$ & $0.0267488$ & $-0.0239244$ & $-0.0099385$ & $0.0208916$ & $0.00213381$ & $-0.0363533$ & $-0.00136242$ & $0.130088$ & $0.0648143$ & $-0.0124645$ & $0.154966$ & $0.00037658$ & $0.20615$ & $-0.0173398$ & $0.269761$ & $-0.14709$ & $0.151048$ & $1$ & $0.117122$ & $0.147313$ & $-0.0166369$ & $0.0913561$ & $0.00809796$ & $0.00466765$ & $0.0757048$ & $0.229499$ & $0.0870314$ \\
eHZgaint & $-0.161176$ & $0.173989$ & $0.0794509$ & $-0.0628509$ & $0.0243468$ & $-0.0847209$ & $-0.59131$ & $0.0962727$ & $0.0876516$ & $-0.131439$ & $-0.177518$ & $0.594306$ & $0.624632$ & $0.19405$ & $0.106296$ & $0.138504$ & $0.172862$ & $0.127978$ & $0.107343$ & $0.178668$ & $0.172914$ & $0.171623$ & $-0.030431$ & $0.0815915$ & $0.128483$ & $-0.128613$ & $-0.00103415$ & $0.0641457$ & $0.0729267$ & $0.417992$ & $0.27552$ & $-0.586476$ & $0.428647$ & $0.0131364$ & $-0.327096$ & $-0.0759377$ & $0.0265524$ & $0.132181$ & $0.288782$ & $0.117122$ & $1$ & $0.0675905$ & $-0.0745459$ & $-0.0834011$ & $0.201075$ & $-0.0273318$ & $0.111819$ & $0.174363$ & $-0.122691$ \\
eHZgapar & $0.0493916$ & $-0.212506$ & $0.0676979$ & $0.0460312$ & $-0.0145956$ & $-0.00324317$ & $-0.132545$ & $0.040972$ & $0.0385855$ & $-0.0481803$ & $-0.0576175$ & $0.150043$ & $0.161259$ & $0.046186$ & $0.0229871$ & $0.0688403$ & $0.0429907$ & $0.0346213$ & $0.0044061$ & $0.0577268$ & $0.053859$ & $0.0597831$ & $-0.090229$ & $-0.00399264$ & $0.00866095$ & $0.0187226$ & $-0.02512$ & $-0.00843343$ & $0.0312392$ & $0.0969842$ & $0.0355852$ & $-0.124355$ & $0.12066$ & $0.0300101$ & $0.0379222$ & $0.0643543$ & $0.03843$ & $-0.0458355$ & $-0.0707057$ & $0.147313$ & $0.0675905$ & $1$ & $0.209625$ & $0.159422$ & $-0.0889203$ & $-0.0886488$ & $0.0833853$ & $0.233876$ & $0.00314973$ \\
eHgagaint & $0.257489$ & $0.0110881$ & $0.2364$ & $-0.0637239$ & $0.0440857$ & $0.00127291$ & $0.216724$ & $0.0425171$ & $0.0524819$ & $-0.00395858$ & $-0.0492114$ & $-0.453693$ & $-0.426715$ & $0.0388959$ & $0.0236216$ & $0.0676537$ & $0.00958206$ & $0.0137113$ & $-0.0153776$ & $0.0537453$ & $0.047344$ & $0.0460427$ & $-0.0568237$ & $-0.0107476$ & $-0.000243135$ & $0.0110621$ & $-0.00581475$ & $0.0529271$ & $-0.062585$ & $-0.298268$ & $-0.174383$ & $0.162978$ & $-0.335953$ & $0.0188622$ & $0.350062$ & $-0.145705$ & $-0.306976$ & $-0.0707017$ & $-0.0414012$ & $-0.0166369$ & $-0.0745459$ & $0.209625$ & $1$ & $0.561892$ & $0.272689$ & $0.460048$ & $-0.0583748$ & $0.332829$ & $-0.232595$ \\
eHmumuint & $0.0832104$ & $0.132476$ & $0.406612$ & $-0.0424254$ & $0.0225314$ & $0.0275817$ & $0.0116979$ & $0.0031183$ & $0.00515483$ & $-0.0341694$ & $-0.0142008$ & $-0.207447$ & $-0.191528$ & $0.0207265$ & $0.0527556$ & $0.045655$ & $0.0164897$ & $-0.00621147$ & $-0.000815528$ & $0.019112$ & $0.00957269$ & $0.0120372$ & $-0.0611133$ & $0.00868588$ & $0.00770311$ & $0.0321084$ & $-0.0409606$ & $0.0370227$ & $-0.0516043$ & $-0.10934$ & $-0.0933383$ & $-0.0143795$ & $-0.136601$ & $-0.0457746$ & $0.433072$ & $-0.282262$ & $-0.453502$ & $-0.151136$ & $0.0276612$ & $0.0913561$ & $-0.0834011$ & $0.159422$ & $0.561892$ & $1$ & $0.305776$ & $0.262894$ & $-0.0396536$ & $0.391574$ & $-0.333349$ \\
eHtautauint & $0.014873$ & $0.34207$ & $0.270637$ & $-0.143748$ & $0.0190386$ & $-0.0971007$ & $-0.110468$ & $0.0109867$ & $0.0115052$ & $0.00829174$ & $-0.0553058$ & $-0.0623177$ & $-0.0461419$ & $0.0711431$ & $0.0991618$ & $0.0971756$ & $0.0916798$ & $0.0365162$ & $0.0369555$ & $0.0615813$ & $0.0480797$ & $0.0498627$ & $-0.0628157$ & $0.0789476$ & $0.0508557$ & $-0.0171424$ & $-0.0676942$ & $0.078972$ & $0.0554792$ & $-0.0127159$ & $0.0189385$ & $-0.14108$ & $-0.0749434$ & $-0.0647585$ & $-0.149375$ & $0.209125$ & $-0.287969$ & $0.234211$ & $0.44989$ & $0.00809796$ & $0.201075$ & $-0.0889203$ & $0.272689$ & $0.305776$ & $1$ & $0.108461$ & $0.372633$ & $-0.115779$ & $-0.509311$ \\
eHccint & $-0.164764$ & $0.307041$ & $0.221363$ & $0.133659$ & $-0.0323031$ & $0.0201276$ & $0.212883$ & $0.0384074$ & $0.0431942$ & $0.0171232$ & $-0.0506234$ & $-0.399326$ & $-0.383371$ & $0.0561292$ & $0.0180699$ & $0.0331599$ & $0.0107254$ & $0.0213864$ & $0.00790293$ & $0.0538181$ & $0.0517187$ & $0.0436397$ & $-0.0190487$ & $-0.000326598$ & $0.0401137$ & $-0.0157847$ & $0.0438399$ & $0.0544365$ & $-0.0421983$ & $-0.256873$ & $-0.133351$ & $0.1696$ & $-0.279432$ & $0.0114412$ & $0.101876$ & $-0.379289$ & $-0.0440582$ & $-0.0259321$ & $-0.00889439$ & $0.00466765$ & $-0.0273318$ & $-0.0886488$ & $0.460048$ & $0.262894$ & $0.108461$ & $1$ & $-0.20532$ & $0.143483$ & $0.147786$ \\
eHccpar & $-0.0747391$ & $0.220224$ & $0.134521$ & $0.0631094$ & $0.132791$ & $-0.0382191$ & $-0.209363$ & $0.00588269$ & $0.0086617$ & $0.00334438$ & $-0.0698659$ & $0.217744$ & $0.226971$ & $0.107599$ & $0.0741234$ & $0.132163$ & $0.129827$ & $0.0965727$ & $0.0594299$ & $0.0771801$ & $0.0615857$ & $0.0653986$ & $-0.101204$ & $0.12103$ & $0.0781416$ & $-0.00487228$ & $-0.0825625$ & $0.0508224$ & $0.0898216$ & $0.163466$ & $0.158899$ & $-0.211496$ & $0.139448$ & $-0.0442153$ & $-0.307214$ & $0.468652$ & $-0.167056$ & $-0.291778$ & $0.114883$ & $0.0757048$ & $0.111819$ & $0.0833853$ & $-0.0583748$ & $-0.0396536$ & $0.372633$ & $-0.20532$ & $1$ & $-0.201889$ & $-0.355757$ \\
eHbbint & $0.357341$ & $-0.0681767$ & $0.258562$ & $-0.0257758$ & $-0.0115721$ & $0.000775608$ & $-0.212201$ & $0.118852$ & $0.117646$ & $-0.17711$ & $-0.136016$ & $0.171217$ & $0.218072$ & $0.102222$ & $0.0307047$ & $0.0342837$ & $0.0480609$ & $0.0405447$ & $0.0422345$ & $0.1295$ & $0.141259$ & $0.143681$ & $0.0146773$ & $-0.0370137$ & $0.0525019$ & $-0.0832024$ & $0.119757$ & $0.0589364$ & $-0.0235645$ & $0.157494$ & $0.0651982$ & $-0.206553$ & $0.175578$ & $0.0901113$ & $0.432069$ & $-0.477185$ & $-0.074423$ & $-0.243566$ & $-0.168552$ & $0.229499$ & $0.174363$ & $0.233876$ & $0.332829$ & $0.391574$ & $-0.115779$ & $0.143483$ & $-0.201889$ & $1$ & $-0.0859989$ \\
eHbbpar & $-0.0969452$ & $-0.21769$ & $-0.0843084$ & $0.246534$ & $-0.0554577$ & $0.0562163$ & $0.0964148$ & $0.0765116$ & $0.0793325$ & $-0.0500998$ & $-0.0492434$ & $0.0185136$ & $0.0220268$ & $0.00863379$ & $-0.0177412$ & $0.00952101$ & $-0.0562745$ & $-0.0313603$ & $-0.0533829$ & $0.0448158$ & $0.0536403$ & $0.0453019$ & $0.0110158$ & $-0.0794437$ & $-0.0425744$ & $-0.0410949$ & $0.0574991$ & $0.000698242$ & $0.00370447$ & $-0.00859173$ & $-0.0257623$ & $0.113175$ & $0.0470757$ & $0.076317$ & $0.161494$ & $-0.0997946$ & $0.221178$ & $0.0540983$ & $-0.236031$ & $0.0870314$ & $-0.122691$ & $0.00314973$ & $-0.232595$ & $-0.333349$ & $-0.509311$ & $0.147786$ & $-0.355757$ & $-0.0859989$ & $1$ \\
