 & AlsMz & dAle5Mz & mtop & mHl & Mz & CW & CHG & CHWB & CHWHB_gaga & CHWHB_gagaorth & CHD & CHbox & CH & CHL1_11 & CHL1_22 & CHL1_33 & CHL3_11 & CHL3_22 & CHL3_33 & CHe_11 & CHe_22 & CHe_33 & CHQ1_11 & CHQ1_33 & CHQ3_11 & CHu_11 & CHd_11 & CHd_33 & CeH_22r & CeH_33r & CuH_22r & CuH_33r & CdH_33r & CLL_1221 & eHggint & eHggpar & eHWWint & eHWWpar & eHZZint & eHZZpar & eHZgaint & eHZgapar & eHgagaint & eHmumuint & eHtautauint & eHccint & eHccpar & eHbbint & eHbbpar \\
AlsMz & $1$ & $-0.10054$ & $-0.012214$ & $-0.0851017$ & $0.0208463$ & $-0.0207778$ & $-0.0260644$ & $0.00244243$ & $0.004971$ & $0.0139316$ & $-0.0250988$ & $-0.0122895$ & $-0.0105855$ & $0.0273511$ & $0.0370868$ & $-0.000965531$ & $0.0272426$ & $0.00195803$ & $0.028676$ & $0.0157753$ & $0.0116969$ & $0.0113642$ & $-0.0296853$ & $-0.0479397$ & $-0.119194$ & $-0.0434792$ & $-0.0711445$ & $0.0285746$ & $-0.00468869$ & $-0.00879037$ & $0.00229836$ & $-0.0265021$ & $0.0257556$ & $-0.0370259$ & $-0.00958722$ & $-0.0976545$ & $-0.0107452$ & $-0.00335894$ & $0.0127253$ & $0.00569338$ & $-0.0209536$ & $-0.00639263$ & $0.0512909$ & $-0.0873187$ & $0.0423099$ & $-0.0398027$ & $0.0405431$ & $0.0509112$ & $0.061147$ \\
dAle5Mz & $-0.10054$ & $1$ & $0.0682316$ & $-0.0641644$ & $0.0116703$ & $-0.00850959$ & $-0.007487$ & $-0.0710264$ & $-0.0753592$ & $0.0264689$ & $0.0495184$ & $-0.00567419$ & $-0.0317664$ & $-0.0153746$ & $-0.0120773$ & $0.0055877$ & $0.0356777$ & $0.0242226$ & $0.011576$ & $-0.0221909$ & $-0.022495$ & $-0.0205089$ & $-0.00920056$ & $0.0459933$ & $0.0308561$ & $0.012701$ & $-0.00758335$ & $0.00238367$ & $0.0030719$ & $-0.0139722$ & $-0.00257159$ & $-0.00583838$ & $-0.0541139$ & $0.0248989$ & $0.0138539$ & $-0.01468$ & $-0.0314299$ & $-0.0141516$ & $0.0729803$ & $0.0191433$ & $-0.00176001$ & $-0.0136205$ & $-0.0370343$ & $0.0227661$ & $-0.0216277$ & $0.0311455$ & $0.0368297$ & $-0.0629844$ & $-0.0876193$ \\
mtop & $-0.012214$ & $0.0682316$ & $1$ & $-0.0224676$ & $-0.0249259$ & $0.0195461$ & $-0.0198832$ & $-0.00243039$ & $0.00181617$ & $-0.00376964$ & $-0.0112809$ & $-0.00429267$ & $0.00729184$ & $0.0388923$ & $0.0317717$ & $0.0263093$ & $0.038895$ & $0.0151118$ & $0.0256299$ & $0.0210621$ & $0.0171623$ & $0.017037$ & $-0.0145713$ & $0.0308055$ & $0.0128835$ & $-0.000528142$ & $-0.0292588$ & $-0.016485$ & $0.00511749$ & $0.0056532$ & $0.0152755$ & $-0.0248929$ & $-0.000219801$ & $-0.022725$ & $0.000135464$ & $-0.0814799$ & $0.0264018$ & $-0.00243647$ & $-0.0390909$ & $0.0149105$ & $0.0179133$ & $0.0130533$ & $0.0697398$ & $-0.0934626$ & $-0.028496$ & $-0.0307163$ & $0.0367923$ & $0.034292$ & $-0.0391801$ \\
mHl & $-0.0851017$ & $-0.0641644$ & $-0.0224676$ & $1$ & $0.00151965$ & $0.00198833$ & $0.0248265$ & $0.00281755$ & $0.00433253$ & $0.0134807$ & $-0.00764247$ & $-0.00585899$ & $-8.37823e-05$ & $0.0136725$ & $-0.0154666$ & $-0.00459259$ & $0.0138204$ & $0.0218841$ & $0.0153046$ & $0.00598124$ & $0.00806019$ & $0.00981848$ & $0.0121503$ & $0.00704681$ & $0.0350631$ & $-0.00274706$ & $0.0231608$ & $0.00189049$ & $0.00317459$ & $0.00476039$ & $0.00265389$ & $0.0357987$ & $-0.0248963$ & $0.0111041$ & $-0.00294773$ & $0.0361361$ & $-0.0241875$ & $-0.0273822$ & $0.0218999$ & $-0.00624854$ & $-0.0330062$ & $-0.00577591$ & $-0.00832165$ & $0.0114087$ & $0.0377228$ & $0.0331258$ & $0.000274089$ & $-0.0553116$ & $-0.0466028$ \\
Mz & $0.0208463$ & $0.0116703$ & $-0.0249259$ & $0.00151965$ & $1$ & $0.00971686$ & $0.0178313$ & $-0.0136865$ & $-0.0154512$ & $-0.000506946$ & $0.0242088$ & $0.00807938$ & $0.00959259$ & $-0.0055854$ & $-0.00290495$ & $0.00246034$ & $-0.00642176$ & $-0.00301487$ & $-0.00458642$ & $-0.0158001$ & $-0.01611$ & $-0.0142635$ & $0.00231093$ & $0.000432208$ & $-0.0101137$ & $-0.00433316$ & $-0.0147017$ & $-0.0216043$ & $0.00471359$ & $0.00578997$ & $-0.00566379$ & $0.0143357$ & $0.00873005$ & $-0.0105728$ & $-0.0111444$ & $0.0071095$ & $0.00893$ & $-0.0113537$ & $0.00658892$ & $0.0146452$ & $0.00833383$ & $-0.0189508$ & $-0.0207268$ & $-0.00402522$ & $-0.00403892$ & $-0.0253589$ & $0.00339689$ & $0.00118587$ & $0.0122474$ \\
CW & $-0.0207778$ & $-0.00850959$ & $0.0195461$ & $0.00198833$ & $0.00971686$ & $1$ & $0.0200497$ & $-0.124268$ & $-0.121042$ & $0.0193286$ & $0.188852$ & $0.04137$ & $-0.00286163$ & $0.0122934$ & $-0.0994793$ & $-0.0835758$ & $-0.256922$ & $-0.0405098$ & $-0.0518273$ & $-0.188996$ & $-0.190267$ & $-0.186231$ & $-0.0113664$ & $0.000794821$ & $-0.0901117$ & $0.112216$ & $-0.0737819$ & $-0.0588173$ & $-0.00629989$ & $-0.00155255$ & $-0.0113525$ & $0.0262254$ & $0.00897054$ & $-0.101631$ & $0.0167488$ & $-0.0101438$ & $-0.0181243$ & $0.0078995$ & $0.0106448$ & $0.0309481$ & $-0.0133866$ & $0.0168741$ & $-0.00467448$ & $-0.00176476$ & $-0.0069127$ & $-0.0113851$ & $-0.0223331$ & $-0.0274628$ & $0.0183512$ \\
CHG & $-0.0260644$ & $-0.007487$ & $-0.0198832$ & $0.0248265$ & $0.0178313$ & $0.0200497$ & $1$ & $-0.106748$ & $-0.0540666$ & $0.0674359$ & $0.0671328$ & $-0.240094$ & $-0.300407$ & $0.0495159$ & $-0.043806$ & $-0.0246845$ & $0.0816804$ & $0.107647$ & $0.0896888$ & $-0.066282$ & $-0.0705484$ & $-0.0697749$ & $-0.0169255$ & $0.0953507$ & $0.0849666$ & $0.0492279$ & $-0.0528456$ & $-0.00766349$ & $0.0199884$ & $-0.134883$ & $-0.0679675$ & $0.940147$ & $-0.155796$ & $-0.0501014$ & $0.0151433$ & $-0.0492176$ & $0.0336542$ & $-0.0237507$ & $0.0186865$ & $0.0400021$ & $0.00571006$ & $0.00806567$ & $-0.0275515$ & $-0.00118753$ & $0.0100864$ & $0.0121188$ & $-0.00881047$ & $-0.0127151$ & $-0.0106071$ \\
CHWB & $0.00244243$ & $-0.0710264$ & $-0.00243039$ & $0.00281755$ & $-0.0136865$ & $-0.124268$ & $-0.106748$ & $1$ & $0.982106$ & $-0.579841$ & $-0.878747$ & $0.117193$ & $0.378097$ & $0.0781309$ & $0.286088$ & $0.289237$ & $-0.273678$ & $-0.454182$ & $-0.457423$ & $0.848108$ & $0.89643$ & $0.879$ & $0.080164$ & $-0.68613$ & $-0.420447$ & $-0.510123$ & $0.426296$ & $0.299666$ & $0.0150951$ & $0.117169$ & $0.0710953$ & $-0.100263$ & $0.150977$ & $0.570592$ & $-0.00950867$ & $0.037211$ & $-0.0275641$ & $-0.000447595$ & $-0.0167969$ & $-0.00301689$ & $0.0107756$ & $0.0014775$ & $0.0177264$ & $0.0251327$ & $-0.0180127$ & $-0.0108234$ & $-0.00539287$ & $0.0116426$ & $0.0509169$ \\
CHWHB_gaga & $0.004971$ & $-0.0753592$ & $0.00181617$ & $0.00433253$ & $-0.0154512$ & $-0.121042$ & $-0.0540666$ & $0.982106$ & $1$ & $-0.571053$ & $-0.860691$ & $0.122522$ & $0.370469$ & $0.0722074$ & $0.283877$ & $0.285892$ & $-0.273543$ & $-0.451904$ & $-0.454117$ & $0.830743$ & $0.877834$ & $0.860915$ & $0.080164$ & $-0.675313$ & $-0.419597$ & $-0.502546$ & $0.41417$ & $0.295526$ & $0.0241074$ & $0.136145$ & $0.0788703$ & $-0.0574884$ & $0.168988$ & $0.557656$ & $-0.0298644$ & $0.0206633$ & $-0.0318625$ & $-0.00476368$ & $-0.0221627$ & $-0.00488033$ & $0.00749438$ & $0.00082861$ & $0.092002$ & $0.0239219$ & $-0.0149855$ & $-0.0145506$ & $-0.0043845$ & $0.0113275$ & $0.0506833$ \\
CHWHB_gagaorth & $0.0139316$ & $0.0264689$ & $-0.00376964$ & $0.0134807$ & $-0.000506946$ & $0.0193286$ & $0.0674359$ & $-0.579841$ & $-0.571053$ & $1$ & $0.373928$ & $0.206411$ & $-0.267559$ & $0.220665$ & $-0.118579$ & $-0.141621$ & $0.431789$ & $0.480227$ & $0.497366$ & $-0.359292$ & $-0.389861$ & $-0.382103$ & $-0.0533071$ & $0.553$ & $0.469274$ & $0.216507$ & $-0.240594$ & $-0.136711$ & $-0.00852695$ & $-0.116339$ & $-0.0807042$ & $0.0821186$ & $-0.147618$ & $-0.363099$ & $0.03653$ & $-0.00651897$ & $0.0212517$ & $0.0131102$ & $9.98381e-05$ & $-0.0148304$ & $-0.0425124$ & $0.00629925$ & $-0.023315$ & $-0.0278033$ & $0.0162602$ & $0.00692014$ & $0.0148571$ & $0.00965887$ & $-0.0264881$ \\
CHD & $-0.0250988$ & $0.0495184$ & $-0.0112809$ & $-0.00764247$ & $0.0242088$ & $0.188852$ & $0.0671328$ & $-0.878747$ & $-0.860691$ & $0.373928$ & $1$ & $0.0450554$ & $-0.195329$ & $-0.496688$ & $-0.414322$ & $-0.413272$ & $-0.183006$ & $0.0889653$ & $0.0922478$ & $-0.989815$ & $-0.990816$ & $-0.969228$ & $-0.0122768$ & $0.325201$ & $0.0478778$ & $0.558177$ & $-0.290624$ & $-0.333624$ & $0.000466708$ & $-0.0721219$ & $-0.047085$ & $0.0734268$ & $-0.0952685$ & $-0.371299$ & $0.0282464$ & $-0.022069$ & $0.0222558$ & $0.000910812$ & $0.0161228$ & $0.0101626$ & $-0.011915$ & $0.000400971$ & $-0.0124295$ & $-0.0209803$ & $0.0293153$ & $0.00664618$ & $0.00391243$ & $-0.00867435$ & $-0.0384868$ \\
CHbox & $-0.0122895$ & $-0.00567419$ & $-0.00429267$ & $-0.00585899$ & $0.00807938$ & $0.04137$ & $-0.240094$ & $0.117193$ & $0.122522$ & $0.206411$ & $0.0450554$ & $1$ & $0.770949$ & $-0.29298$ & $0.0267697$ & $0.0193618$ & $-0.33424$ & $-0.32046$ & $-0.31331$ & $-0.0386912$ & $-0.040426$ & $-0.0360648$ & $0.0151737$ & $-0.239823$ & $-0.300769$ & $0.0276595$ & $0.0305645$ & $-0.0161956$ & $0.0569545$ & $0.333417$ & $0.100607$ & $-0.152176$ & $0.368065$ & $0.0631592$ & $0.0801378$ & $0.0520718$ & $-0.00725709$ & $-0.000543544$ & $-0.0288526$ & $-0.0284918$ & $-0.0178384$ & $-0.00397891$ & $-0.00325432$ & $-0.0131467$ & $0.020779$ & $-0.0244655$ & $0.00761919$ & $0.0258593$ & $0.0110469$ \\
CH & $-0.0105855$ & $-0.0317664$ & $0.00729184$ & $-8.37823e-05$ & $0.00959259$ & $-0.00286163$ & $-0.300407$ & $0.378097$ & $0.370469$ & $-0.267559$ & $-0.195329$ & $0.770949$ & $1$ & $-0.245069$ & $0.0700902$ & $0.0666699$ & $-0.375092$ & $-0.398725$ & $-0.395162$ & $0.185811$ & $0.208439$ & $0.206384$ & $0.0292303$ & $-0.413107$ & $-0.379934$ & $-0.100472$ & $0.166215$ & $0.0736587$ & $0.0425709$ & $0.278191$ & $0.109648$ & $-0.249125$ & $0.31891$ & $0.23982$ & $0.0307201$ & $0.0242199$ & $-0.0159056$ & $4.64113e-05$ & $-0.025823$ & $-0.0211959$ & $-6.06385e-06$ & $-0.00855689$ & $0.026171$ & $0.00385743$ & $0.00254898$ & $-0.033447$ & $-8.14268e-05$ & $0.0251867$ & $0.00762622$ \\
CHL1_11 & $0.0273511$ & $-0.0153746$ & $0.0388923$ & $0.0136725$ & $-0.0055854$ & $0.0122934$ & $0.0495159$ & $0.0781309$ & $0.0722074$ & $0.220665$ & $-0.496688$ & $-0.29298$ & $-0.245069$ & $1$ & $0.272021$ & $0.270833$ & $0.656323$ & $0.596914$ & $0.590359$ & $0.517479$ & $0.454736$ & $0.439933$ & $-0.103266$ & $0.472644$ & $0.580567$ & $-0.247147$ & $-0.120946$ & $0.154088$ & $-0.0241387$ & $-0.0534867$ & $-0.0294956$ & $0.02759$ & $-0.0669478$ & $-0.227804$ & $-0.0278427$ & $-0.020664$ & $0.00637162$ & $0.001471$ & $0.00688195$ & $-0.00236114$ & $0.00866033$ & $0.0050884$ & $-0.00262022$ & $0.0010319$ & $-0.0321082$ & $0.00766517$ & $-0.00374531$ & $-0.0121883$ & $-0.000883343$ \\
CHL1_22 & $0.0370868$ & $-0.0120773$ & $0.0317717$ & $-0.0154666$ & $-0.00290495$ & $-0.0994793$ & $-0.043806$ & $0.286088$ & $0.283877$ & $-0.118579$ & $-0.414322$ & $0.0267697$ & $0.0700902$ & $0.272021$ & $1$ & $0.478598$ & $0.160375$ & $-0.444478$ & $-0.0543507$ & $0.483239$ & $0.328057$ & $0.317576$ & $-0.181702$ & $0.112401$ & $-0.148943$ & $-0.193975$ & $-0.413935$ & $0.109286$ & $0.0152826$ & $0.0386741$ & $0.0297739$ & $-0.0450273$ & $0.0473526$ & $-0.593455$ & $-0.0248262$ & $0.0133537$ & $-0.0422395$ & $-0.009988$ & $-0.00933944$ & $-0.0169802$ & $0.00860148$ & $0.0151507$ & $0.0178354$ & $-0.00185316$ & $-0.00632344$ & $-0.00568865$ & $-0.00889589$ & $0.00764236$ & $0.0171158$ \\
CHL1_33 & $-0.000965531$ & $0.0055877$ & $0.0263093$ & $-0.00459259$ & $0.00246034$ & $-0.0835758$ & $-0.0246845$ & $0.289237$ & $0.285892$ & $-0.141621$ & $-0.413272$ & $0.0193618$ & $0.0666699$ & $0.270833$ & $0.478598$ & $1$ & $0.149416$ & $-0.054354$ & $-0.434173$ & $0.480418$ & $0.331087$ & $0.343199$ & $-0.173211$ & $0.0997902$ & $-0.142403$ & $-0.181434$ & $-0.394545$ & $0.10633$ & $-0.00547685$ & $0.0189347$ & $-5.53159e-05$ & $-0.0244001$ & $0.0361052$ & $-0.131036$ & $-0.0205672$ & $0.0441229$ & $0.0122521$ & $-0.00805401$ & $-0.0193497$ & $-0.0103381$ & $0.00233823$ & $0.0227206$ & $0.00678984$ & $0.0143091$ & $-0.0122777$ & $-0.00861846$ & $-0.0407853$ & $0.00414544$ & $0.0145942$ \\
CHL3_11 & $0.0272426$ & $0.0356777$ & $0.038895$ & $0.0138204$ & $-0.00642176$ & $-0.256922$ & $0.0816804$ & $-0.273678$ & $-0.273543$ & $0.431789$ & $-0.183006$ & $-0.33424$ & $-0.375092$ & $0.656323$ & $0.160375$ & $0.149416$ & $1$ & $0.74067$ & $0.745566$ & $0.208006$ & $0.149697$ & $0.144226$ & $-0.0907623$ & $0.688409$ & $0.775462$ & $-0.0762711$ & $-0.172422$ & $0.0561276$ & $-0.0307569$ & $-0.0954533$ & $-0.0506903$ & $0.0550573$ & $-0.114411$ & $-0.274461$ & $-0.0425483$ & $-0.031986$ & $0.0174684$ & $-0.00248544$ & $-0.00789642$ & $-0.0221818$ & $0.00188209$ & $-0.00880835$ & $-0.0079176$ & $-0.012311$ & $-0.017126$ & $0.00785522$ & $0.00723109$ & $0.000538336$ & $-0.0294241$ \\
CHL3_22 & $0.00195803$ & $0.0242226$ & $0.0151118$ & $0.0218841$ & $-0.00301487$ & $-0.0405098$ & $0.107647$ & $-0.454182$ & $-0.451904$ & $0.480227$ & $0.0889653$ & $-0.32046$ & $-0.398725$ & $0.596914$ & $-0.444478$ & $-0.054354$ & $0.74067$ & $1$ & $0.698825$ & $-0.0906392$ & $-0.0837308$ & $-0.0813712$ & $-0.0132258$ & $0.626136$ & $0.798947$ & $0.0629985$ & $-0.0100398$ & $-0.0239272$ & $-0.0395524$ & $-0.114722$ & $-0.0689228$ & $0.0849717$ & $-0.139839$ & $0.00993322$ & $-0.0175505$ & $-0.0335717$ & $0.0447794$ & $0.00483162$ & $0.00465922$ & $0.00010314$ & $-0.00387984$ & $-0.010096$ & $-0.0199069$ & $-0.00703418$ & $-0.0161191$ & $0.0116001$ & $0.00448074$ & $-0.0103433$ & $-0.0338694$ \\
CHL3_33 & $0.028676$ & $0.011576$ & $0.0256299$ & $0.0153046$ & $-0.00458642$ & $-0.0518273$ & $0.0896888$ & $-0.457423$ & $-0.454117$ & $0.497366$ & $0.0922478$ & $-0.31331$ & $-0.395162$ & $0.590359$ & $-0.0543507$ & $-0.434173$ & $0.745566$ & $0.698825$ & $1$ & $-0.0934548$ & $-0.0878717$ & $-0.0818783$ & $-0.0148214$ & $0.631819$ & $0.796902$ & $0.0555608$ & $-0.0138934$ & $-0.0204005$ & $-0.0253503$ & $-0.0989086$ & $-0.0488556$ & $0.0662997$ & $-0.132542$ & $-0.339288$ & $-0.0228682$ & $-0.0533073$ & $0.00436247$ & $0.00297705$ & $0.013845$ & $-0.00765934$ & $-3.58721e-05$ & $-0.0185063$ & $-0.00875336$ & $-0.0217637$ & $-0.0103641$ & $0.0163369$ & $0.0256953$ & $-0.00802218$ & $-0.0331602$ \\
CHe_11 & $0.0157753$ & $-0.0221909$ & $0.0210621$ & $0.00598124$ & $-0.0158001$ & $-0.188996$ & $-0.066282$ & $0.848108$ & $0.830743$ & $-0.359292$ & $-0.989815$ & $-0.0386912$ & $0.185811$ & $0.517479$ & $0.483239$ & $0.480418$ & $0.208006$ & $-0.0906392$ & $-0.0934548$ & $1$ & $0.971586$ & $0.950428$ & $-0.0150469$ & $-0.268427$ & $-0.0385483$ & $-0.546429$ & $0.215015$ & $0.32766$ & $-0.000674667$ & $0.069204$ & $0.0440498$ & $-0.0722634$ & $0.0896326$ & $0.289072$ & $-0.0287026$ & $0.0259449$ & $-0.0243518$ & $-0.00232551$ & $-0.0158051$ & $-0.00798183$ & $0.0105738$ & $0.000972487$ & $0.0115873$ & $0.0210246$ & $-0.0295301$ & $-0.0055919$ & $-0.00762651$ & $0.00601136$ & $0.0337668$ \\
CHe_22 & $0.0116969$ & $-0.022495$ & $0.0171623$ & $0.00806019$ & $-0.01611$ & $-0.190267$ & $-0.0705484$ & $0.89643$ & $0.877834$ & $-0.389861$ & $-0.990816$ & $-0.040426$ & $0.208439$ & $0.454736$ & $0.328057$ & $0.331087$ & $0.149697$ & $-0.0837308$ & $-0.0878717$ & $0.971586$ & $1$ & $0.97532$ & $0.0434906$ & $-0.380401$ & $-0.0516824$ & $-0.562419$ & $0.373817$ & $0.337058$ & $0.000584865$ & $0.0744786$ & $0.04878$ & $-0.0763708$ & $0.0962691$ & $0.460294$ & $-0.0248107$ & $0.0212481$ & $-0.0220493$ & $-0.000324247$ & $-0.0143225$ & $-0.00730184$ & $0.0127447$ & $-0.00310784$ & $0.0126517$ & $0.0220785$ & $-0.0296842$ & $-0.00427698$ & $-0.000995637$ & $0.00568713$ & $0.0356972$ \\
CHe_33 & $0.0113642$ & $-0.0205089$ & $0.017037$ & $0.00981848$ & $-0.0142635$ & $-0.186231$ & $-0.0697749$ & $0.879$ & $0.860915$ & $-0.382103$ & $-0.969228$ & $-0.0360648$ & $0.206384$ & $0.439933$ & $0.317576$ & $0.343199$ & $0.144226$ & $-0.0813712$ & $-0.0818783$ & $0.950428$ & $0.97532$ & $1$ & $0.044623$ & $-0.37434$ & $-0.0492564$ & $-0.548953$ & $0.372885$ & $0.330825$ & $-0.00114987$ & $0.0725674$ & $0.0488009$ & $-0.0751269$ & $0.0939879$ & $0.458047$ & $-0.0221899$ & $0.0221708$ & $-0.0180729$ & $-0.00330496$ & $-0.0120231$ & $-0.00626999$ & $0.00930631$ & $-0.00390138$ & $0.0147392$ & $0.0222518$ & $-0.0326533$ & $-0.005519$ & $0.000976407$ & $0.00952903$ & $0.0342107$ \\
CHQ1_11 & $-0.0296853$ & $-0.00920056$ & $-0.0145713$ & $0.0121503$ & $0.00231093$ & $-0.0113664$ & $-0.0169255$ & $0.080164$ & $0.080164$ & $-0.0533071$ & $-0.0122768$ & $0.0151737$ & $0.0292303$ & $-0.103266$ & $-0.181702$ & $-0.173211$ & $-0.0907623$ & $-0.0132258$ & $-0.0148214$ & $-0.0150469$ & $0.0434906$ & $0.044623$ & $1$ & $-0.158816$ & $0.0661445$ & $-0.678806$ & $0.356601$ & $0.00423557$ & $0.00910406$ & $0.00952891$ & $0.000222214$ & $-0.0185758$ & $0.0106331$ & $0.221031$ & $0.0168819$ & $0.0296012$ & $0.00184444$ & $0.00765682$ & $-0.0170534$ & $0.0338056$ & $-0.00930739$ & $-0.0100687$ & $0.0213049$ & $0.0107962$ & $0.0161787$ & $0.0334593$ & $0.0148492$ & $-0.0253241$ & $0.014475$ \\
CHQ1_33 & $-0.0479397$ & $0.0459933$ & $0.0308055$ & $0.00704681$ & $0.000432208$ & $0.000794821$ & $0.0953507$ & $-0.68613$ & $-0.675313$ & $0.553$ & $0.325201$ & $-0.239823$ & $-0.413107$ & $0.472644$ & $0.112401$ & $0.0997902$ & $0.688409$ & $0.626136$ & $0.631819$ & $-0.268427$ & $-0.380401$ & $-0.37434$ & $-0.158816$ & $1$ & $0.644162$ & $0.224554$ & $-0.429324$ & $-0.025703$ & $-0.0295985$ & $-0.107817$ & $-0.0678067$ & $0.0795741$ & $-0.139494$ & $-0.642718$ & $-0.020571$ & $-0.0315493$ & $0.0126374$ & $-0.00567088$ & $0.0101214$ & $-0.00975946$ & $-0.00868494$ & $0.00615723$ & $-0.00909768$ & $0.00283657$ & $-0.00779546$ & $0.0132635$ & $-0.0158409$ & $-0.01048$ & $-0.0468823$ \\
CHQ3_11 & $-0.119194$ & $0.0308561$ & $0.0128835$ & $0.0350631$ & $-0.0101137$ & $-0.0901117$ & $0.0849666$ & $-0.420447$ & $-0.419597$ & $0.469274$ & $0.0478778$ & $-0.300769$ & $-0.379934$ & $0.580567$ & $-0.148943$ & $-0.142403$ & $0.775462$ & $0.798947$ & $0.796902$ & $-0.0385483$ & $-0.0516824$ & $-0.0492564$ & $0.0661445$ & $0.644162$ & $1$ & $0.0442367$ & $0.203935$ & $-0.00923963$ & $-0.022669$ & $-0.0984368$ & $-0.0582729$ & $0.0613596$ & $-0.132944$ & $-0.199946$ & $-0.0185838$ & $-0.0140267$ & $0.0215452$ & $0.00716561$ & $-0.0119681$ & $-0.00170888$ & $-0.00307286$ & $-0.0123211$ & $-0.0168225$ & $0.011666$ & $-0.0187719$ & $0.0150027$ & $0.00491214$ & $-0.0166641$ & $-0.0378854$ \\
CHu_11 & $-0.0434792$ & $0.012701$ & $-0.000528142$ & $-0.00274706$ & $-0.00433316$ & $0.112216$ & $0.0492279$ & $-0.510123$ & $-0.502546$ & $0.216507$ & $0.558177$ & $0.0276595$ & $-0.100472$ & $-0.247147$ & $-0.193975$ & $-0.181434$ & $-0.0762711$ & $0.0629985$ & $0.0555608$ & $-0.546429$ & $-0.562419$ & $-0.548953$ & $-0.678806$ & $0.224554$ & $0.0442367$ & $1$ & $-0.182627$ & $-0.176922$ & $-0.000737893$ & $-0.0424108$ & $-0.0219741$ & $0.0539424$ & $-0.0537365$ & $-0.257883$ & $0.00742793$ & $-0.0274379$ & $0.0153289$ & $-0.00512286$ & $0.0080033$ & $0.00136206$ & $0.00924297$ & $0.00793424$ & $-0.0329552$ & $-0.0112322$ & $0.000882129$ & $-0.0245525$ & $-0.00972158$ & $0.0133317$ & $-0.0285707$ \\
CHd_11 & $-0.0711445$ & $-0.00758335$ & $-0.0292588$ & $0.0231608$ & $-0.0147017$ & $-0.0737819$ & $-0.0528456$ & $0.426296$ & $0.41417$ & $-0.240594$ & $-0.290624$ & $0.0305645$ & $0.166215$ & $-0.120946$ & $-0.413935$ & $-0.394545$ & $-0.172422$ & $-0.0100398$ & $-0.0138934$ & $0.215015$ & $0.373817$ & $0.372885$ & $0.356601$ & $-0.429324$ & $0.203935$ & $-0.182627$ & $1$ & $0.123852$ & $0.0109558$ & $0.0511439$ & $0.0269405$ & $-0.0515431$ & $0.0555684$ & $0.700401$ & $0.00899913$ & $0.018162$ & $-0.00675148$ & $0.00880891$ & $-0.0197393$ & $0.0165285$ & $-0.00234738$ & $-0.0181391$ & $0.00371565$ & $0.0384931$ & $-0.00972317$ & $0.00163559$ & $0.0106307$ & $-0.00396128$ & $0.0152477$ \\
CHd_33 & $0.0285746$ & $0.00238367$ & $-0.016485$ & $0.00189049$ & $-0.0216043$ & $-0.0588173$ & $-0.00766349$ & $0.299666$ & $0.295526$ & $-0.136711$ & $-0.333624$ & $-0.0161956$ & $0.0736587$ & $0.154088$ & $0.109286$ & $0.10633$ & $0.0561276$ & $-0.0239272$ & $-0.0204005$ & $0.32766$ & $0.337058$ & $0.330825$ & $0.00423557$ & $-0.025703$ & $-0.00923963$ & $-0.176922$ & $0.123852$ & $1$ & $-0.0103125$ & $0.0390671$ & $0.0305201$ & $-0.0102332$ & $0.0367342$ & $0.155933$ & $-0.00753614$ & $0.00282413$ & $-0.0378702$ & $0.00377441$ & $-0.00423467$ & $0.000625438$ & $-0.00101562$ & $0.00336071$ & $-0.00997164$ & $0.0101991$ & $-0.00387505$ & $-0.0136908$ & $-0.0167308$ & $0.0150075$ & $0.00293695$ \\
CeH_22r & $-0.00468869$ & $0.0030719$ & $0.00511749$ & $0.00317459$ & $0.00471359$ & $-0.00629989$ & $0.0199884$ & $0.0150951$ & $0.0241074$ & $-0.00852695$ & $0.000466708$ & $0.0569545$ & $0.0425709$ & $-0.0241387$ & $0.0152826$ & $-0.00547685$ & $-0.0307569$ & $-0.0395524$ & $-0.0253503$ & $-0.000674667$ & $0.000584865$ & $-0.00114987$ & $0.00910406$ & $-0.0295985$ & $-0.022669$ & $-0.000737893$ & $0.0109558$ & $-0.0103125$ & $1$ & $0.0504793$ & $0.0209606$ & $0.00533785$ & $0.0399483$ & $-0.000841513$ & $-0.0250507$ & $-0.0335429$ & $-0.0106784$ & $-0.00212231$ & $-0.0190907$ & $-0.0344575$ & $0.00470114$ & $-0.01076$ & $0.0272549$ & $-0.000597832$ & $0.01475$ & $-0.015266$ & $0.0189928$ & $0.0188133$ & $-0.00928053$ \\
CeH_33r & $-0.00879037$ & $-0.0139722$ & $0.0056532$ & $0.00476039$ & $0.00578997$ & $-0.00155255$ & $-0.134883$ & $0.117169$ & $0.136145$ & $-0.116339$ & $-0.0721219$ & $0.333417$ & $0.278191$ & $-0.0534867$ & $0.0386741$ & $0.0189347$ & $-0.0954533$ & $-0.114722$ & $-0.0989086$ & $0.069204$ & $0.0744786$ & $0.0725674$ & $0.00952891$ & $-0.107817$ & $-0.0984368$ & $-0.0424108$ & $0.0511439$ & $0.0390671$ & $0.0504793$ & $1$ & $0.313405$ & $0.00634008$ & $0.624338$ & $0.0593885$ & $-0.0563017$ & $-0.00125221$ & $-0.19395$ & $-0.0233794$ & $-0.0202407$ & $-0.0154088$ & $-0.00350687$ & $-0.010092$ & $0.00123314$ & $0.0118168$ & $0.0805336$ & $-0.0265335$ & $0.0278922$ & $0.0136668$ & $0.0176957$ \\
CuH_22r & $0.00229836$ & $-0.00257159$ & $0.0152755$ & $0.00265389$ & $-0.00566379$ & $-0.0113525$ & $-0.0679675$ & $0.0710953$ & $0.0788703$ & $-0.0807042$ & $-0.047085$ & $0.100607$ & $0.109648$ & $-0.0294956$ & $0.0297739$ & $-5.53159e-05$ & $-0.0506903$ & $-0.0689228$ & $-0.0488556$ & $0.0440498$ & $0.04878$ & $0.0488009$ & $0.000222214$ & $-0.0678067$ & $-0.0582729$ & $-0.0219741$ & $0.0269405$ & $0.0305201$ & $0.0209606$ & $0.313405$ & $1$ & $0.0144133$ & $0.341536$ & $0.0321028$ & $-0.0204308$ & $-0.0151324$ & $-0.117708$ & $-0.0124133$ & $0.00331385$ & $-0.012154$ & $0.0127581$ & $-0.00968718$ & $-0.00600116$ & $0.0180273$ & $0.00870578$ & $0.0780289$ & $0.42744$ & $0.018555$ & $0.0224358$ \\
CuH_33r & $-0.0265021$ & $-0.00583838$ & $-0.0248929$ & $0.0357987$ & $0.0143357$ & $0.0262254$ & $0.940147$ & $-0.100263$ & $-0.0574884$ & $0.0821186$ & $0.0734268$ & $-0.152176$ & $-0.249125$ & $0.02759$ & $-0.0450273$ & $-0.0244001$ & $0.0550573$ & $0.0849717$ & $0.0662997$ & $-0.0722634$ & $-0.0763708$ & $-0.0751269$ & $-0.0185758$ & $0.0795741$ & $0.0613596$ & $0.0539424$ & $-0.0515431$ & $-0.0102332$ & $0.00533785$ & $0.00634008$ & $0.0144133$ & $1$ & $0.0055105$ & $-0.0446038$ & $0.0968386$ & $0.00189236$ & $-0.00393847$ & $-0.0279649$ & $0.0435207$ & $0.033462$ & $0.00666106$ & $0.00274105$ & $-0.0356537$ & $0.0097103$ & $0.0152264$ & $0.010462$ & $0.00253395$ & $-0.00645539$ & $-0.00356754$ \\
CdH_33r & $0.0257556$ & $-0.0541139$ & $-0.000219801$ & $-0.0248963$ & $0.00873005$ & $0.00897054$ & $-0.155796$ & $0.150977$ & $0.168988$ & $-0.147618$ & $-0.0952685$ & $0.368065$ & $0.31891$ & $-0.0669478$ & $0.0473526$ & $0.0361052$ & $-0.114411$ & $-0.139839$ & $-0.132542$ & $0.0896326$ & $0.0962691$ & $0.0939879$ & $0.0106331$ & $-0.139494$ & $-0.132944$ & $-0.0537365$ & $0.0555684$ & $0.0367342$ & $0.0399483$ & $0.624338$ & $0.341536$ & $0.0055105$ & $1$ & $0.0799421$ & $-0.0657893$ & $0.0233798$ & $-0.21234$ & $-0.0162945$ & $-0.0140627$ & $-0.0182861$ & $-0.00966116$ & $-0.0208527$ & $0.000106035$ & $0.0325423$ & $-0.00579915$ & $-0.0473792$ & $0.0539095$ & $0.187266$ & $0.524878$ \\
CLL_1221 & $-0.0370259$ & $0.0248989$ & $-0.022725$ & $0.0111041$ & $-0.0105728$ & $-0.101631$ & $-0.0501014$ & $0.570592$ & $0.557656$ & $-0.363099$ & $-0.371299$ & $0.0631592$ & $0.23982$ & $-0.227804$ & $-0.593455$ & $-0.131036$ & $-0.274461$ & $0.00993322$ & $-0.339288$ & $0.289072$ & $0.460294$ & $0.458047$ & $0.221031$ & $-0.642718$ & $-0.199946$ & $-0.257883$ & $0.700401$ & $0.155933$ & $-0.000841513$ & $0.0593885$ & $0.0321028$ & $-0.0446038$ & $0.0799421$ & $1$ & $0.00802562$ & $0.0198933$ & $0.0150166$ & $0.00474665$ & $-0.00716553$ & $0.00732942$ & $0.00104578$ & $-0.0127317$ & $-0.00136258$ & $0.0232048$ & $-0.00874625$ & $-0.00289839$ & $0.00591369$ & $0.00351659$ & $0.0204207$ \\
eHggint & $-0.00958722$ & $0.0138539$ & $0.000135464$ & $-0.00294773$ & $-0.0111444$ & $0.0167488$ & $0.0151433$ & $-0.00950867$ & $-0.0298644$ & $0.03653$ & $0.0282464$ & $0.0801378$ & $0.0307201$ & $-0.0278427$ & $-0.0248262$ & $-0.0205672$ & $-0.0425483$ & $-0.0175505$ & $-0.0228682$ & $-0.0287026$ & $-0.0248107$ & $-0.0221899$ & $0.0168819$ & $-0.020571$ & $-0.0185838$ & $0.00742793$ & $0.00899913$ & $-0.00753614$ & $-0.0250507$ & $-0.0563017$ & $-0.0204308$ & $0.0968386$ & $-0.0657893$ & $0.00802562$ & $1$ & $-0.0184407$ & $0.0166783$ & $0.00302472$ & $0.0351748$ & $0.0332682$ & $0.00851356$ & $-0.0094228$ & $-0.0383166$ & $0.0560304$ & $0.0349647$ & $0.0299119$ & $0.0258505$ & $-0.0152146$ & $-0.00786983$ \\
eHggpar & $-0.0976545$ & $-0.01468$ & $-0.0814799$ & $0.0361361$ & $0.0071095$ & $-0.0101438$ & $-0.0492176$ & $0.037211$ & $0.0206633$ & $-0.00651897$ & $-0.022069$ & $0.0520718$ & $0.0242199$ & $-0.020664$ & $0.0133537$ & $0.0441229$ & $-0.031986$ & $-0.0335717$ & $-0.0533073$ & $0.0259449$ & $0.0212481$ & $0.0221708$ & $0.0296012$ & $-0.0315493$ & $-0.0140267$ & $-0.0274379$ & $0.018162$ & $0.00282413$ & $-0.0335429$ & $-0.00125221$ & $-0.0151324$ & $0.00189236$ & $0.0233798$ & $0.0198933$ & $-0.0184407$ & $1$ & $-0.0306054$ & $-0.0089071$ & $0.0465367$ & $-0.0393117$ & $0.0124039$ & $-0.00879053$ & $-0.0827889$ & $0.0497293$ & $0.00670978$ & $0.053693$ & $-0.0281646$ & $-0.0418271$ & $0.0571889$ \\
eHWWint & $-0.0107452$ & $-0.0314299$ & $0.0264018$ & $-0.0241875$ & $0.00893$ & $-0.0181243$ & $0.0336542$ & $-0.0275641$ & $-0.0318625$ & $0.0212517$ & $0.0222558$ & $-0.00725709$ & $-0.0159056$ & $0.00637162$ & $-0.0422395$ & $0.0122521$ & $0.0174684$ & $0.0447794$ & $0.00436247$ & $-0.0243518$ & $-0.0220493$ & $-0.0180729$ & $0.00184444$ & $0.0126374$ & $0.0215452$ & $0.0153289$ & $-0.00675148$ & $-0.0378702$ & $-0.0106784$ & $-0.19395$ & $-0.117708$ & $-0.00393847$ & $-0.21234$ & $0.0150166$ & $0.0166783$ & $-0.0306054$ & $1$ & $-0.0119974$ & $-0.00319863$ & $0.0158496$ & $0.0891808$ & $0.00878234$ & $0.0244494$ & $-0.0657858$ & $-0.00646254$ & $0.0375676$ & $-0.046196$ & $-0.0358593$ & $-0.0029568$ \\
eHWWpar & $-0.00335894$ & $-0.0141516$ & $-0.00243647$ & $-0.0273822$ & $-0.0113537$ & $0.0078995$ & $-0.0237507$ & $-0.000447595$ & $-0.00476368$ & $0.0131102$ & $0.000910812$ & $-0.000543544$ & $4.64113e-05$ & $0.001471$ & $-0.009988$ & $-0.00805401$ & $-0.00248544$ & $0.00483162$ & $0.00297705$ & $-0.00232551$ & $-0.000324247$ & $-0.00330496$ & $0.00765682$ & $-0.00567088$ & $0.00716561$ & $-0.00512286$ & $0.00880891$ & $0.00377441$ & $-0.00212231$ & $-0.0233794$ & $-0.0124133$ & $-0.0279649$ & $-0.0162945$ & $0.00474665$ & $0.00302472$ & $-0.0089071$ & $-0.0119974$ & $1$ & $-0.0156953$ & $0.00103805$ & $0.00433244$ & $-0.0175465$ & $-0.00875399$ & $-0.0187393$ & $0.0346336$ & $0.00678728$ & $-0.0114162$ & $0.0441675$ & $0.00596591$ \\
eHZZint & $0.0127253$ & $0.0729803$ & $-0.0390909$ & $0.0218999$ & $0.00658892$ & $0.0106448$ & $0.0186865$ & $-0.0167969$ & $-0.0221627$ & $9.98381e-05$ & $0.0161228$ & $-0.0288526$ & $-0.025823$ & $0.00688195$ & $-0.00933944$ & $-0.0193497$ & $-0.00789642$ & $0.00465922$ & $0.013845$ & $-0.0158051$ & $-0.0143225$ & $-0.0120231$ & $-0.0170534$ & $0.0101214$ & $-0.0119681$ & $0.0080033$ & $-0.0197393$ & $-0.00423467$ & $-0.0190907$ & $-0.0202407$ & $0.00331385$ & $0.0435207$ & $-0.0140627$ & $-0.00716553$ & $0.0351748$ & $0.0465367$ & $-0.00319863$ & $-0.0156953$ & $1$ & $0.0194973$ & $0.0576822$ & $0.0266154$ & $-0.00334611$ & $-0.0453316$ & $-0.048057$ & $0.015505$ & $-0.0205572$ & $0.0323062$ & $0.0125987$ \\
eHZZpar & $0.00569338$ & $0.0191433$ & $0.0149105$ & $-0.00624854$ & $0.0146452$ & $0.0309481$ & $0.0400021$ & $-0.00301689$ & $-0.00488033$ & $-0.0148304$ & $0.0101626$ & $-0.0284918$ & $-0.0211959$ & $-0.00236114$ & $-0.0169802$ & $-0.0103381$ & $-0.0221818$ & $0.00010314$ & $-0.00765934$ & $-0.00798183$ & $-0.00730184$ & $-0.00626999$ & $0.0338056$ & $-0.00975946$ & $-0.00170888$ & $0.00136206$ & $0.0165285$ & $0.000625438$ & $-0.0344575$ & $-0.0154088$ & $-0.012154$ & $0.033462$ & $-0.0182861$ & $0.00732942$ & $0.0332682$ & $-0.0393117$ & $0.0158496$ & $0.00103805$ & $0.0194973$ & $1$ & $-0.00993199$ & $-0.0131579$ & $0.0172558$ & $0.015866$ & $-0.00590716$ & $0.00391591$ & $-0.0216094$ & $0.00494684$ & $0.00383689$ \\
eHZgaint & $-0.0209536$ & $-0.00176001$ & $0.0179133$ & $-0.0330062$ & $0.00833383$ & $-0.0133866$ & $0.00571006$ & $0.0107756$ & $0.00749438$ & $-0.0425124$ & $-0.011915$ & $-0.0178384$ & $-6.06385e-06$ & $0.00866033$ & $0.00860148$ & $0.00233823$ & $0.00188209$ & $-0.00387984$ & $-3.58721e-05$ & $0.0105738$ & $0.0127447$ & $0.00930631$ & $-0.00930739$ & $-0.00868494$ & $-0.00307286$ & $0.00924297$ & $-0.00234738$ & $-0.00101562$ & $0.00470114$ & $-0.00350687$ & $0.0127581$ & $0.00666106$ & $-0.00966116$ & $0.00104578$ & $0.00851356$ & $0.0124039$ & $0.0891808$ & $0.00433244$ & $0.0576822$ & $-0.00993199$ & $1$ & $-0.00258935$ & $-0.0254542$ & $0.011864$ & $0.0339048$ & $-0.0208017$ & $0.0203144$ & $-0.00595362$ & $-0.0162631$ \\
eHZgapar & $-0.00639263$ & $-0.0136205$ & $0.0130533$ & $-0.00577591$ & $-0.0189508$ & $0.0168741$ & $0.00806567$ & $0.0014775$ & $0.00082861$ & $0.00629925$ & $0.000400971$ & $-0.00397891$ & $-0.00855689$ & $0.0050884$ & $0.0151507$ & $0.0227206$ & $-0.00880835$ & $-0.010096$ & $-0.0185063$ & $0.000972487$ & $-0.00310784$ & $-0.00390138$ & $-0.0100687$ & $0.00615723$ & $-0.0123211$ & $0.00793424$ & $-0.0181391$ & $0.00336071$ & $-0.01076$ & $-0.010092$ & $-0.00968718$ & $0.00274105$ & $-0.0208527$ & $-0.0127317$ & $-0.0094228$ & $-0.00879053$ & $0.00878234$ & $-0.0175465$ & $0.0266154$ & $-0.0131579$ & $-0.00258935$ & $1$ & $0.0103278$ & $0.0244014$ & $-0.00353626$ & $-0.0285868$ & $-0.0435439$ & $-0.0161286$ & $-0.0244175$ \\
eHgagaint & $0.0512909$ & $-0.0370343$ & $0.0697398$ & $-0.00832165$ & $-0.0207268$ & $-0.00467448$ & $-0.0275515$ & $0.0177264$ & $0.092002$ & $-0.023315$ & $-0.0124295$ & $-0.00325432$ & $0.026171$ & $-0.00262022$ & $0.0178354$ & $0.00678984$ & $-0.0079176$ & $-0.0199069$ & $-0.00875336$ & $0.0115873$ & $0.0126517$ & $0.0147392$ & $0.0213049$ & $-0.00909768$ & $-0.0168225$ & $-0.0329552$ & $0.00371565$ & $-0.00997164$ & $0.0272549$ & $0.00123314$ & $-0.00600116$ & $-0.0356537$ & $0.000106035$ & $-0.00136258$ & $-0.0383166$ & $-0.0827889$ & $0.0244494$ & $-0.00875399$ & $-0.00334611$ & $0.0172558$ & $-0.0254542$ & $0.0103278$ & $1$ & $0.0197075$ & $0.0262675$ & $-0.0312366$ & $0.0119464$ & $0.0284054$ & $-0.0132588$ \\
eHmumuint & $-0.0873187$ & $0.0227661$ & $-0.0934626$ & $0.0114087$ & $-0.00402522$ & $-0.00176476$ & $-0.00118753$ & $0.0251327$ & $0.0239219$ & $-0.0278033$ & $-0.0209803$ & $-0.0131467$ & $0.00385743$ & $0.0010319$ & $-0.00185316$ & $0.0143091$ & $-0.012311$ & $-0.00703418$ & $-0.0217637$ & $0.0210246$ & $0.0220785$ & $0.0222518$ & $0.0107962$ & $0.00283657$ & $0.011666$ & $-0.0112322$ & $0.0384931$ & $0.0101991$ & $-0.000597832$ & $0.0118168$ & $0.0180273$ & $0.0097103$ & $0.0325423$ & $0.0232048$ & $0.0560304$ & $0.0497293$ & $-0.0657858$ & $-0.0187393$ & $-0.0453316$ & $0.015866$ & $0.011864$ & $0.0244014$ & $0.0197075$ & $1$ & $-0.125496$ & $0.0537668$ & $-0.00360407$ & $-0.0522081$ & $0.04929$ \\
eHtautauint & $0.0423099$ & $-0.0216277$ & $-0.028496$ & $0.0377228$ & $-0.00403892$ & $-0.0069127$ & $0.0100864$ & $-0.0180127$ & $-0.0149855$ & $0.0162602$ & $0.0293153$ & $0.020779$ & $0.00254898$ & $-0.0321082$ & $-0.00632344$ & $-0.0122777$ & $-0.017126$ & $-0.0161191$ & $-0.0103641$ & $-0.0295301$ & $-0.0296842$ & $-0.0326533$ & $0.0161787$ & $-0.00779546$ & $-0.0187719$ & $0.000882129$ & $-0.00972317$ & $-0.00387505$ & $0.01475$ & $0.0805336$ & $0.00870578$ & $0.0152264$ & $-0.00579915$ & $-0.00874625$ & $0.0349647$ & $0.00670978$ & $-0.00646254$ & $0.0346336$ & $-0.048057$ & $-0.00590716$ & $0.0339048$ & $-0.00353626$ & $0.0262675$ & $-0.125496$ & $1$ & $-0.00646602$ & $-0.00851123$ & $0.0293085$ & $-0.00625322$ \\
eHccint & $-0.0398027$ & $0.0311455$ & $-0.0307163$ & $0.0331258$ & $-0.0253589$ & $-0.0113851$ & $0.0121188$ & $-0.0108234$ & $-0.0145506$ & $0.00692014$ & $0.00664618$ & $-0.0244655$ & $-0.033447$ & $0.00766517$ & $-0.00568865$ & $-0.00861846$ & $0.00785522$ & $0.0116001$ & $0.0163369$ & $-0.0055919$ & $-0.00427698$ & $-0.005519$ & $0.0334593$ & $0.0132635$ & $0.0150027$ & $-0.0245525$ & $0.00163559$ & $-0.0136908$ & $-0.015266$ & $-0.0265335$ & $0.0780289$ & $0.010462$ & $-0.0473792$ & $-0.00289839$ & $0.0299119$ & $0.053693$ & $0.0375676$ & $0.00678728$ & $0.015505$ & $0.00391591$ & $-0.0208017$ & $-0.0285868$ & $-0.0312366$ & $0.0537668$ & $-0.00646602$ & $1$ & $-0.0116777$ & $-0.0249977$ & $-0.025358$ \\
eHccpar & $0.0405431$ & $0.0368297$ & $0.0367923$ & $0.000274089$ & $0.00339689$ & $-0.0223331$ & $-0.00881047$ & $-0.00539287$ & $-0.0043845$ & $0.0148571$ & $0.00391243$ & $0.00761919$ & $-8.14268e-05$ & $-0.00374531$ & $-0.00889589$ & $-0.0407853$ & $0.00723109$ & $0.00448074$ & $0.0256953$ & $-0.00762651$ & $-0.000995637$ & $0.000976407$ & $0.0148492$ & $-0.0158409$ & $0.00491214$ & $-0.00972158$ & $0.0106307$ & $-0.0167308$ & $0.0189928$ & $0.0278922$ & $0.42744$ & $0.00253395$ & $0.0539095$ & $0.00591369$ & $0.0258505$ & $-0.0281646$ & $-0.046196$ & $-0.0114162$ & $-0.0205572$ & $-0.0216094$ & $0.0203144$ & $-0.0435439$ & $0.0119464$ & $-0.00360407$ & $-0.00851123$ & $-0.0116777$ & $1$ & $0.0294677$ & $0.0358534$ \\
eHbbint & $0.0509112$ & $-0.0629844$ & $0.034292$ & $-0.0553116$ & $0.00118587$ & $-0.0274628$ & $-0.0127151$ & $0.0116426$ & $0.0113275$ & $0.00965887$ & $-0.00867435$ & $0.0258593$ & $0.0251867$ & $-0.0121883$ & $0.00764236$ & $0.00414544$ & $0.000538336$ & $-0.0103433$ & $-0.00802218$ & $0.00601136$ & $0.00568713$ & $0.00952903$ & $-0.0253241$ & $-0.01048$ & $-0.0166641$ & $0.0133317$ & $-0.00396128$ & $0.0150075$ & $0.0188133$ & $0.0136668$ & $0.018555$ & $-0.00645539$ & $0.187266$ & $0.00351659$ & $-0.0152146$ & $-0.0418271$ & $-0.0358593$ & $0.0441675$ & $0.0323062$ & $0.00494684$ & $-0.00595362$ & $-0.0161286$ & $0.0284054$ & $-0.0522081$ & $0.0293085$ & $-0.0249977$ & $0.0294677$ & $1$ & $0.0167142$ \\
eHbbpar & $0.061147$ & $-0.0876193$ & $-0.0391801$ & $-0.0466028$ & $0.0122474$ & $0.0183512$ & $-0.0106071$ & $0.0509169$ & $0.0506833$ & $-0.0264881$ & $-0.0384868$ & $0.0110469$ & $0.00762622$ & $-0.000883343$ & $0.0171158$ & $0.0145942$ & $-0.0294241$ & $-0.0338694$ & $-0.0331602$ & $0.0337668$ & $0.0356972$ & $0.0342107$ & $0.014475$ & $-0.0468823$ & $-0.0378854$ & $-0.0285707$ & $0.0152477$ & $0.00293695$ & $-0.00928053$ & $0.0176957$ & $0.0224358$ & $-0.00356754$ & $0.524878$ & $0.0204207$ & $-0.00786983$ & $0.0571889$ & $-0.0029568$ & $0.00596591$ & $0.0125987$ & $0.00383689$ & $-0.0162631$ & $-0.0244175$ & $-0.0132588$ & $0.04929$ & $-0.00625322$ & $-0.025358$ & $0.0358534$ & $0.0167142$ & $1$ \\
