 & AlsMz & dAle5Mz & mtop & mHl & Mz & CW & CHG & CHWB & CHWHB_gaga & CHWHB_gagaorth & CHD & CHbox & CH & CHL1_11 & CHL1_22 & CHL1_33 & CHL3_11 & CHL3_22 & CHL3_33 & CHe_11 & CHe_22 & CHe_33 & CHQ1_11 & CHQ1_33 & CHQ3_11 & CHu_11 & CHd_11 & CHd_33 & CeH_22r & CeH_33r & CuH_22r & CuH_33r & CdH_33r & CLL_1221 & eHggint & eHggpar & eHWWint & eHWWpar & eHZZint & eHZZpar & eHZgaint & eHZgapar & eHgagaint & eHmumuint & eHtautauint & eHccint & eHccpar & eHbbint & eHbbpar \\
AlsMz & $1$ & $-0.106284$ & $-0.122171$ & $-0.0159515$ & $0.0154803$ & $0.000785199$ & $-0.0123492$ & $-0.00291533$ & $-0.0143225$ & $-0.000735786$ & $-0.0133376$ & $-0.043631$ & $-0.0145896$ & $0.0235714$ & $-0.0141923$ & $-0.000919422$ & $0.0170887$ & $0.0289103$ & $0.0196253$ & $0.0033522$ & $0.0044326$ & $0.0100009$ & $0.00360955$ & $-0.022304$ & $-0.0628205$ & $-0.0260811$ & $-0.0260094$ & $0.011323$ & $-0.00679033$ & $-0.0239636$ & $0.0224282$ & $-0.0199258$ & $0.0074245$ & $0.00123143$ & $-0.126608$ & $0.0267152$ & $0.0354632$ & $-0.00160552$ & $0.0124049$ & $0.00158618$ & $-0.0944952$ & $0.0551509$ & $-0.115679$ & $-0.0287172$ & $-0.0940622$ & $-0.0852633$ & $0.133546$ & $-0.0422411$ & $0.0927728$ \\
dAle5Mz & $-0.106284$ & $1$ & $0.124933$ & $-0.0918467$ & $0.00548775$ & $0.0264645$ & $0.0215524$ & $-0.0782233$ & $-0.0750474$ & $0.0302154$ & $0.0715907$ & $-0.0127821$ & $-0.0302584$ & $-0.0269899$ & $-0.0184596$ & $-0.00976971$ & $-0.00627781$ & $0.00453488$ & $-0.00208254$ & $-0.0466122$ & $-0.0492762$ & $-0.0517992$ & $-0.0110824$ & $0.0100626$ & $0.0125141$ & $0.028385$ & $-0.0200681$ & $-0.0596002$ & $0.00111384$ & $-0.00890756$ & $-0.0576997$ & $0.0231484$ & $-0.00819387$ & $0.00230474$ & $-0.0603328$ & $0.00341782$ & $-0.059044$ & $0.00620132$ & $0.00977507$ & $-0.0124112$ & $0.0694919$ & $-0.0431896$ & $0.0326583$ & $-0.0236255$ & $-0.020882$ & $0.022453$ & $-0.164726$ & $0.0718069$ & $-0.0472026$ \\
mtop & $-0.122171$ & $0.124933$ & $1$ & $-0.042445$ & $-0.0108254$ & $0.0197189$ & $-0.0176624$ & $-0.0222905$ & $-0.0234849$ & $0.0333245$ & $0.0243231$ & $-0.0111759$ & $-0.00518341$ & $-0.00166062$ & $0.00713467$ & $0.00195534$ & $0.00268468$ & $0.000154173$ & $0.0067661$ & $-0.0133503$ & $-0.0162088$ & $-0.0179614$ & $-0.00554388$ & $0.0204659$ & $0.0180424$ & $0.00427587$ & $-0.010734$ & $-0.0108553$ & $-0.0011831$ & $-0.00691229$ & $-0.0560645$ & $-0.0222228$ & $0.0371788$ & $-0.0189616$ & $0.0136668$ & $-0.038052$ & $-0.0446156$ & $-0.00679287$ & $-0.0619776$ & $0.028223$ & $-0.038802$ & $-0.0754252$ & $-0.0125716$ & $-0.0679788$ & $0.00261969$ & $-0.0860759$ & $-0.138801$ & $0.0240337$ & $0.101598$ \\
mHl & $-0.0159515$ & $-0.0918467$ & $-0.042445$ & $1$ & $-0.0341565$ & $-0.0153992$ & $0.0563403$ & $-0.00175153$ & $-0.000953404$ & $0.00433844$ & $-0.00239213$ & $0.0138981$ & $-0.0032158$ & $0.0122292$ & $-0.0364212$ & $-0.0235802$ & $0.0115991$ & $0.0325326$ & $0.0253753$ & $-0.00221637$ & $0.00401679$ & $0.00320362$ & $0.0292626$ & $0.0123848$ & $0.0283207$ & $-0.0196605$ & $0.0315609$ & $0.0397232$ & $5.46875e-05$ & $-0.00476678$ & $0.0590899$ & $0.0710637$ & $0.00391284$ & $0.0243679$ & $0.0965595$ & $0.0785277$ & $0.141298$ & $0.0583603$ & $0.0832364$ & $-0.00226542$ & $0.0206444$ & $0.00733617$ & $-0.0209267$ & $-0.003796$ & $-0.040985$ & $0.0241011$ & $0.170532$ & $0.038815$ & $0.014809$ \\
Mz & $0.0154803$ & $0.00548775$ & $-0.0108254$ & $-0.0341565$ & $1$ & $0.0177395$ & $-0.032865$ & $-0.0131172$ & $-0.0134704$ & $-0.0115426$ & $0.0199588$ & $0.0115787$ & $0.0142573$ & $0.00923514$ & $-0.00827796$ & $0.000734621$ & $-0.00277002$ & $0.00861731$ & $0.00336059$ & $-0.0116366$ & $-0.0102359$ & $-0.00899135$ & $0.00295551$ & $0.0149234$ & $-0.000570565$ & $0.00755557$ & $-0.00536076$ & $0.0198421$ & $-0.00419107$ & $0.0214679$ & $0.0109523$ & $-0.0326955$ & $0.0181028$ & $-0.00825669$ & $-0.0163985$ & $-0.00621567$ & $-0.0122654$ & $0.00151534$ & $-0.0141317$ & $0.00161655$ & $0.0286866$ & $0.00596532$ & $-0.000403237$ & $0.00775353$ & $-0.00567903$ & $-0.016426$ & $-0.00184871$ & $0.00130807$ & $0.00871045$ \\
CW & $0.000785199$ & $0.0264645$ & $0.0197189$ & $-0.0153992$ & $0.0177395$ & $1$ & $-0.00286144$ & $-0.127979$ & $-0.12525$ & $0.0312954$ & $0.18482$ & $0.00815338$ & $-0.013913$ & $0.0127099$ & $-0.0634233$ & $-0.0876584$ & $-0.234468$ & $-0.0547996$ & $-0.0379501$ & $-0.180808$ & $-0.187615$ & $-0.186229$ & $-0.00560727$ & $0.00788412$ & $-0.0797316$ & $0.104706$ & $-0.0811539$ & $-0.0450991$ & $0.0100962$ & $-0.00893746$ & $-0.000456876$ & $-0.000176753$ & $-0.0113566$ & $-0.133495$ & $-0.00229113$ & $-0.010381$ & $0.0171552$ & $0.0193996$ & $-0.0301427$ & $0.00819651$ & $-0.0117834$ & $0.010562$ & $0.0205257$ & $-0.00377108$ & $-0.0136022$ & $-0.0105665$ & $0.0290681$ & $0.020895$ & $-0.00790249$ \\
CHG & $-0.0123492$ & $0.0215524$ & $-0.0176624$ & $0.0563403$ & $-0.032865$ & $-0.00286144$ & $1$ & $-0.0824976$ & $-0.0255882$ & $0.0947542$ & $0.0792328$ & $-0.303663$ & $-0.428275$ & $-0.0204789$ & $-0.0497014$ & $-0.0381316$ & $0.0117485$ & $0.0382305$ & $0.0310779$ & $-0.0788101$ & $-0.0767094$ & $-0.0729022$ & $-0.00154483$ & $0.046825$ & $0.0327723$ & $0.0550571$ & $-0.0115716$ & $-0.0279862$ & $-0.00490727$ & $-0.191269$ & $-0.0901443$ & $0.945999$ & $-0.211045$ & $-0.0224631$ & $-0.00377858$ & $-0.0193969$ & $-0.00682713$ & $0.0192356$ & $0.000599222$ & $-0.0128501$ & $-0.00152707$ & $-0.00762024$ & $0.00457377$ & $-0.0286202$ & $0.0213051$ & $0.0215546$ & $0.00517452$ & $0.0136214$ & $0.021825$ \\
CHWB & $-0.00291533$ & $-0.0782233$ & $-0.0222905$ & $-0.00175153$ & $-0.0131172$ & $-0.127979$ & $-0.0824976$ & $1$ & $0.982158$ & $-0.545095$ & $-0.864252$ & $0.019824$ & $0.184582$ & $0.0628614$ & $0.303638$ & $0.28516$ & $-0.255885$ & $-0.441874$ & $-0.435298$ & $0.835948$ & $0.882996$ & $0.86694$ & $0.0803335$ & $-0.67342$ & $-0.398223$ & $-0.509622$ & $0.435252$ & $0.305275$ & $0.0239568$ & $0.0824453$ & $0.0509205$ & $-0.0838808$ & $0.0661535$ & $0.56375$ & $0.0131314$ & $-0.00496813$ & $0.0108299$ & $-0.0100662$ & $-0.00187055$ & $-0.00386741$ & $0.000204519$ & $-0.0152038$ & $-0.0191307$ & $0.0164078$ & $0.0128446$ & $-0.00788055$ & $0.043637$ & $-0.00646262$ & $0.00351342$ \\
CHWHB_gaga & $-0.0143225$ & $-0.0750474$ & $-0.0234849$ & $-0.000953404$ & $-0.0134704$ & $-0.12525$ & $-0.0255882$ & $0.982158$ & $1$ & $-0.537001$ & $-0.84679$ & $0.0294576$ & $0.169342$ & $0.0574918$ & $0.297645$ & $0.277806$ & $-0.254606$ & $-0.437105$ & $-0.429183$ & $0.819263$ & $0.865589$ & $0.850955$ & $0.0773345$ & $-0.66232$ & $-0.393796$ & $-0.497245$ & $0.4283$ & $0.296763$ & $0.0284684$ & $0.104843$ & $0.0610025$ & $-0.0351527$ & $0.0880557$ & $0.554453$ & $-0.00695887$ & $-0.0164727$ & $0.00284779$ & $-0.0107507$ & $-0.00646088$ & $-0.00331601$ & $0.00497839$ & $-0.0153183$ & $0.0377419$ & $0.0267213$ & $0.00924635$ & $0.00213406$ & $0.0393545$ & $0.00651072$ & $0.00218311$ \\
CHWHB_gagaorth & $-0.000735786$ & $0.0302154$ & $0.0333245$ & $0.00433844$ & $-0.0115426$ & $0.0312954$ & $0.0947542$ & $-0.545095$ & $-0.537001$ & $1$ & $0.360092$ & $0.116028$ & $-0.223938$ & $0.169877$ & $-0.127176$ & $-0.114267$ & $0.353893$ & $0.414111$ & $0.407076$ & $-0.345794$ & $-0.377122$ & $-0.3723$ & $-0.0433727$ & $0.496345$ & $0.399274$ & $0.210834$ & $-0.232584$ & $-0.117096$ & $-0.0176624$ & $-0.183505$ & $-0.0980079$ & $0.101465$ & $-0.192012$ & $-0.330649$ & $0.0241285$ & $0.0208671$ & $0.0105539$ & $0.00316034$ & $0.00315816$ & $-0.0111384$ & $-0.0606747$ & $0.0208177$ & $-0.00556618$ & $-0.00964711$ & $-0.0101613$ & $0.0091311$ & $-0.0302347$ & $0.0116238$ & $6.45296e-05$ \\
CHD & $-0.0133376$ & $0.0715907$ & $0.0243231$ & $-0.00239213$ & $0.0199588$ & $0.18482$ & $0.0792328$ & $-0.864252$ & $-0.84679$ & $0.360092$ & $1$ & $0.0196598$ & $-0.146449$ & $-0.513936$ & $-0.425814$ & $-0.411667$ & $-0.233231$ & $0.03691$ & $0.0328525$ & $-0.990455$ & $-0.991428$ & $-0.970146$ & $-0.0152972$ & $0.277189$ & $-0.0199601$ & $0.570395$ & $-0.302581$ & $-0.345345$ & $-0.0239659$ & $-0.0877951$ & $-0.0507898$ & $0.0810931$ & $-0.081841$ & $-0.356243$ & $-0.00179909$ & $-0.0068564$ & $-0.0145777$ & $0.022007$ & $-0.00511181$ & $0.00876097$ & $0.0093902$ & $0.0103406$ & $0.0163717$ & $-0.00868063$ & $-0.0134539$ & $0.0206368$ & $-0.0294125$ & $0.00185158$ & $-0.0163534$ \\
CHbox & $-0.043631$ & $-0.0127821$ & $-0.0111759$ & $0.0138981$ & $0.0115787$ & $0.00815338$ & $-0.303663$ & $0.019824$ & $0.0294576$ & $0.116028$ & $0.0196598$ & $1$ & $0.743807$ & $-0.0758585$ & $0.0291758$ & $0.0267448$ & $-0.0822444$ & $-0.0856617$ & $-0.0855643$ & $-0.0103831$ & $-0.0213571$ & $-0.0192941$ & $0.0124688$ & $-0.0387221$ & $-0.0793405$ & $-0.00544798$ & $-0.0220881$ & $0.00932759$ & $0.0782785$ & $0.422837$ & $0.155575$ & $-0.213863$ & $0.50409$ & $-0.0121643$ & $0.0694483$ & $0.0580979$ & $0.040646$ & $-0.00906306$ & $0.0231956$ & $0.00738935$ & $-0.00127511$ & $-0.0107933$ & $-0.0650361$ & $-0.0183911$ & $-0.01149$ & $0.0111881$ & $-0.013302$ & $-0.0434715$ & $0.0113197$ \\
CH & $-0.0145896$ & $-0.0302584$ & $-0.00518341$ & $-0.0032158$ & $0.0142573$ & $-0.013913$ & $-0.428275$ & $0.184582$ & $0.169342$ & $-0.223938$ & $-0.146449$ & $0.743807$ & $1$ & $-0.0111915$ & $0.0608386$ & $0.0477067$ & $-0.0744161$ & $-0.107169$ & $-0.101564$ & $0.141795$ & $0.149857$ & $0.145859$ & $0.0237464$ & $-0.133713$ & $-0.0902105$ & $-0.093038$ & $0.0825096$ & $0.0631385$ & $0.0636753$ & $0.343264$ & $0.169908$ & $-0.391514$ & $0.410346$ & $0.0970422$ & $0.00998452$ & $0.0373042$ & $0.0345258$ & $-0.0116442$ & $0.0237845$ & $0.0120026$ & $0.0300443$ & $-0.0107637$ & $-0.039768$ & $-0.00607005$ & $-0.000433741$ & $-0.00363847$ & $-0.00330444$ & $-0.0368988$ & $0.0173041$ \\
CHL1_11 & $0.0235714$ & $-0.0269899$ & $-0.00166062$ & $0.0122292$ & $0.00923514$ & $0.0127099$ & $-0.0204789$ & $0.0628614$ & $0.0574918$ & $0.169877$ & $-0.513936$ & $-0.0758585$ & $-0.0111915$ & $1$ & $0.271146$ & $0.268757$ & $0.708605$ & $0.635845$ & $0.63726$ & $0.532209$ & $0.473702$ & $0.457394$ & $-0.0965942$ & $0.516192$ & $0.647009$ & $-0.265091$ & $-0.0968721$ & $0.174882$ & $0.00440825$ & $0.0392381$ & $0.0145038$ & $-0.0229335$ & $0.0484973$ & $-0.232374$ & $-0.00842634$ & $0.0128175$ & $0.0224028$ & $-0.0216001$ & $0.00787941$ & $-0.00881169$ & $-0.0285481$ & $0.00189867$ & $0.00019604$ & $-0.00863666$ & $0.00338982$ & $-0.0246974$ & $-0.00294259$ & $0.00851852$ & $0.020863$ \\
CHL1_22 & $-0.0141923$ & $-0.0184596$ & $0.00713467$ & $-0.0364212$ & $-0.00827796$ & $-0.0634233$ & $-0.0497014$ & $0.303638$ & $0.297645$ & $-0.127176$ & $-0.425814$ & $0.0291758$ & $0.0608386$ & $0.271146$ & $1$ & $0.435616$ & $0.149348$ & $-0.420925$ & $-0.0223506$ & $0.490178$ & $0.346065$ & $0.333957$ & $-0.191395$ & $0.0955698$ & $-0.124118$ & $-0.198276$ & $-0.386449$ & $0.118914$ & $0.0279314$ & $0.0381964$ & $0.0101885$ & $-0.0489841$ & $0.0429933$ & $-0.587451$ & $0.00731453$ & $-0.000447227$ & $-0.00266026$ & $-0.0154789$ & $-0.00516496$ & $-0.0139626$ & $-0.00706904$ & $0.0107169$ & $-0.0113617$ & $0.0017489$ & $0.00517295$ & $0.00180671$ & $0.00186834$ & $-0.00333612$ & $0.0187741$ \\
CHL1_33 & $-0.000919422$ & $-0.00976971$ & $0.00195534$ & $-0.0235802$ & $0.000734621$ & $-0.0876584$ & $-0.0381316$ & $0.28516$ & $0.277806$ & $-0.114267$ & $-0.411667$ & $0.0267448$ & $0.0477067$ & $0.268757$ & $0.435616$ & $1$ & $0.160635$ & $-0.00654833$ & $-0.402862$ & $0.475202$ & $0.332069$ & $0.346417$ & $-0.179603$ & $0.1119$ & $-0.103091$ & $-0.190765$ & $-0.372693$ & $0.100575$ & $0.00364955$ & $0.0294528$ & $0.0206391$ & $-0.0305253$ & $0.0448725$ & $-0.0975833$ & $0.00870188$ & $0.0340113$ & $0.000408099$ & $-0.0109082$ & $0.0220917$ & $-0.0206722$ & $0.0137583$ & $0.00384391$ & $-0.00862182$ & $0.0213947$ & $-0.00910123$ & $0.00191492$ & $0.00961671$ & $-0.0135995$ & $0.0231981$ \\
CHL3_11 & $0.0170887$ & $-0.00627781$ & $0.00268468$ & $0.0115991$ & $-0.00277002$ & $-0.234468$ & $0.0117485$ & $-0.255885$ & $-0.254606$ & $0.353893$ & $-0.233231$ & $-0.0822444$ & $-0.0744161$ & $0.708605$ & $0.149348$ & $0.160635$ & $1$ & $0.772213$ & $0.766377$ & $0.253251$ & $0.199584$ & $0.191283$ & $-0.0781974$ & $0.702916$ & $0.807587$ & $-0.11514$ & $-0.15257$ & $0.0709601$ & $-0.00195859$ & $0.00774158$ & $0.00152061$ & $0.00909065$ & $0.0269706$ & $-0.259672$ & $-0.0266779$ & $0.0210618$ & $-0.00244834$ & $-0.0224289$ & $0.0131657$ & $-0.00590771$ & $-0.0126833$ & $0.00669763$ & $0.00713972$ & $-0.0127946$ & $0.0086119$ & $-0.0232172$ & $-0.0294934$ & $0.00717041$ & $0.0240226$ \\
CHL3_22 & $0.0289103$ & $0.00453488$ & $0.000154173$ & $0.0325326$ & $0.00861731$ & $-0.0547996$ & $0.0382305$ & $-0.441874$ & $-0.437105$ & $0.414111$ & $0.03691$ & $-0.0856617$ & $-0.107169$ & $0.635845$ & $-0.420925$ & $-0.00654833$ & $0.772213$ & $1$ & $0.704518$ & $-0.0389559$ & $-0.0370724$ & $-0.0365283$ & $-0.000971447$ & $0.657418$ & $0.81888$ & $0.0218765$ & $-0.0139516$ & $-0.0069419$ & $-0.0181861$ & $-0.0146196$ & $-0.00646539$ & $0.0376392$ & $0.00103287$ & $0.00381201$ & $-0.0200324$ & $0.0225514$ & $0.00887594$ & $-0.0100844$ & $0.0160494$ & $-0.0010684$ & $-0.0124531$ & $-0.000314319$ & $0.0136284$ & $-0.013296$ & $-0.00102718$ & $-0.0221099$ & $-0.0235545$ & $0.00926079$ & $0.0126346$ \\
CHL3_33 & $0.0196253$ & $-0.00208254$ & $0.0067661$ & $0.0253753$ & $0.00336059$ & $-0.0379501$ & $0.0310779$ & $-0.435298$ & $-0.429183$ & $0.407076$ & $0.0328525$ & $-0.0855643$ & $-0.101564$ & $0.63726$ & $-0.0223506$ & $-0.402862$ & $0.766377$ & $0.704518$ & $1$ & $-0.0352078$ & $-0.031027$ & $-0.0298415$ & $-0.0100823$ & $0.647635$ & $0.813756$ & $0.02299$ & $-0.0146727$ & $0.000390411$ & $-0.0041242$ & $-0.00493434$ & $-0.0116234$ & $0.026998$ & $0.00421953$ & $-0.351446$ & $-0.0231467$ & $-0.00162793$ & $0.00619912$ & $-0.0146784$ & $-0.00130097$ & $0.00402408$ & $-0.023699$ & $0.00777525$ & $0.011596$ & $-0.0235566$ & $0.00931482$ & $-0.0226914$ & $-0.0302993$ & $0.0125993$ & $0.0121765$ \\
CHe_11 & $0.0033522$ & $-0.0466122$ & $-0.0133503$ & $-0.00221637$ & $-0.0116366$ & $-0.180808$ & $-0.0788101$ & $0.835948$ & $0.819263$ & $-0.345794$ & $-0.990455$ & $-0.0103831$ & $0.141795$ & $0.532209$ & $0.490178$ & $0.475202$ & $0.253251$ & $-0.0389559$ & $-0.0352078$ & $1$ & $0.973405$ & $0.952349$ & $-0.0111682$ & $-0.225658$ & $0.0256778$ & $-0.561413$ & $0.228092$ & $0.338381$ & $0.0248082$ & $0.0875754$ & $0.0483063$ & $-0.0787834$ & $0.0842064$ & $0.278186$ & $0.00376221$ & $0.00865354$ & $0.0116621$ & $-0.0229799$ & $0.0057291$ & $-0.0113454$ & $-0.00625879$ & $-0.012192$ & $-0.0155081$ & $0.00723735$ & $0.0126361$ & $-0.0194033$ & $0.0225145$ & $-0.000770171$ & $0.0186786$ \\
CHe_22 & $0.0044326$ & $-0.0492762$ & $-0.0162088$ & $0.00401679$ & $-0.0102359$ & $-0.187615$ & $-0.0767094$ & $0.882996$ & $0.865589$ & $-0.377122$ & $-0.991428$ & $-0.0213571$ & $0.149857$ & $0.473702$ & $0.346065$ & $0.332069$ & $0.199584$ & $-0.0370724$ & $-0.031027$ & $0.973405$ & $1$ & $0.97572$ & $0.045582$ & $-0.332869$ & $0.0114211$ & $-0.573508$ & $0.381536$ & $0.347275$ & $0.0229843$ & $0.0894875$ & $0.0503249$ & $-0.0786636$ & $0.0816078$ & $0.440147$ & $0.000188552$ & $0.00408102$ & $0.0132225$ & $-0.021231$ & $0.00424412$ & $-0.00598511$ & $-0.0066183$ & $-0.0141037$ & $-0.014406$ & $0.00788646$ & $0.0151334$ & $-0.0201706$ & $0.0255416$ & $5.55967e-05$ & $0.0126544$ \\
CHe_33 & $0.0100009$ & $-0.0517992$ & $-0.0179614$ & $0.00320362$ & $-0.00899135$ & $-0.186229$ & $-0.0729022$ & $0.86694$ & $0.850955$ & $-0.3723$ & $-0.970146$ & $-0.0192941$ & $0.145859$ & $0.457394$ & $0.333957$ & $0.346417$ & $0.191283$ & $-0.0365283$ & $-0.0298415$ & $0.952349$ & $0.97572$ & $1$ & $0.042402$ & $-0.329512$ & $0.00964665$ & $-0.558629$ & $0.379087$ & $0.335569$ & $0.0217991$ & $0.0903849$ & $0.053099$ & $-0.0735045$ & $0.0846938$ & $0.439615$ & $-0.00381514$ & $0.00325998$ & $0.0136361$ & $-0.0196631$ & $0.00508491$ & $-0.00842808$ & $-0.00199936$ & $-0.0105266$ & $-0.0138113$ & $0.00971003$ & $0.0148079$ & $-0.0205558$ & $0.0220432$ & $-0.00158385$ & $0.0138897$ \\
CHQ1_11 & $0.00360955$ & $-0.0110824$ & $-0.00554388$ & $0.0292626$ & $0.00295551$ & $-0.00560727$ & $-0.00154483$ & $0.0803335$ & $0.0773345$ & $-0.0433727$ & $-0.0152972$ & $0.0124688$ & $0.0237464$ & $-0.0965942$ & $-0.191395$ & $-0.179603$ & $-0.0781974$ & $-0.000971447$ & $-0.0100823$ & $-0.0111682$ & $0.045582$ & $0.042402$ & $1$ & $-0.15661$ & $0.0676444$ & $-0.672393$ & $0.368028$ & $0.0351945$ & $0.00820404$ & $0.0168642$ & $0.0157061$ & $0.000493188$ & $0.0150769$ & $0.2321$ & $0.0123996$ & $-0.0168036$ & $-0.0101142$ & $-0.00549881$ & $0.0163929$ & $0.00199854$ & $-0.00137705$ & $-0.0247962$ & $-0.00913192$ & $0.00207234$ & $0.0357912$ & $0.00802153$ & $0.028177$ & $0.0179096$ & $0.00567043$ \\
CHQ1_33 & $-0.022304$ & $0.0100626$ & $0.0204659$ & $0.0123848$ & $0.0149234$ & $0.00788412$ & $0.046825$ & $-0.67342$ & $-0.66232$ & $0.496345$ & $0.277189$ & $-0.0387221$ & $-0.133713$ & $0.516192$ & $0.0955698$ & $0.1119$ & $0.702916$ & $0.657418$ & $0.647635$ & $-0.225658$ & $-0.332869$ & $-0.329512$ & $-0.15661$ & $1$ & $0.667235$ & $0.198426$ & $-0.418165$ & $-0.0193431$ & $-0.0150728$ & $-0.0301682$ & $-0.0246799$ & $0.0489259$ & $-0.00779785$ & $-0.626527$ & $-0.0161544$ & $0.0141532$ & $-0.00313643$ & $-0.00683663$ & $0.00455512$ & $-0.0043481$ & $-0.00776078$ & $0.00941115$ & $0.0208717$ & $-0.00950999$ & $-0.00287711$ & $0.00554231$ & $-0.0399387$ & $0.00666259$ & $0.0112214$ \\
CHQ3_11 & $-0.0628205$ & $0.0125141$ & $0.0180424$ & $0.0283207$ & $-0.000570565$ & $-0.0797316$ & $0.0327723$ & $-0.398223$ & $-0.393796$ & $0.399274$ & $-0.0199601$ & $-0.0793405$ & $-0.0902105$ & $0.647009$ & $-0.124118$ & $-0.103091$ & $0.807587$ & $0.81888$ & $0.813756$ & $0.0256778$ & $0.0114211$ & $0.00964665$ & $0.0676444$ & $0.667235$ & $1$ & $-0.00436533$ & $0.190244$ & $0.0175461$ & $-0.00162697$ & $-0.0128218$ & $-0.0177405$ & $0.0276369$ & $0.00166581$ & $-0.206173$ & $-0.0129553$ & $0.00401353$ & $0.00465132$ & $-0.0180494$ & $0.0158847$ & $-0.0024901$ & $-0.0098094$ & $-0.0106566$ & $0.0183928$ & $0.00213508$ & $0.0229188$ & $-0.0169544$ & $-0.0390309$ & $0.0147665$ & $0.0090771$ \\
CHu_11 & $-0.0260811$ & $0.028385$ & $0.00427587$ & $-0.0196605$ & $0.00755557$ & $0.104706$ & $0.0550571$ & $-0.509622$ & $-0.497245$ & $0.210834$ & $0.570395$ & $-0.00544798$ & $-0.093038$ & $-0.265091$ & $-0.198276$ & $-0.190765$ & $-0.11514$ & $0.0218765$ & $0.02299$ & $-0.561413$ & $-0.573508$ & $-0.558629$ & $-0.672393$ & $0.198426$ & $-0.00436533$ & $1$ & $-0.193107$ & $-0.209371$ & $-0.0149422$ & $-0.0670482$ & $-0.0364243$ & $0.0482654$ & $-0.066501$ & $-0.258828$ & $-0.0192508$ & $-0.00351595$ & $0.00011829$ & $0.0183602$ & $-0.0113324$ & $0.00331552$ & $0.0191624$ & $0.0230178$ & $0.0232757$ & $0.00384036$ & $-0.0261164$ & $0.00658678$ & $-0.035094$ & $-0.0115$ & $-0.0190702$ \\
CHd_11 & $-0.0260094$ & $-0.0200681$ & $-0.010734$ & $0.0315609$ & $-0.00536076$ & $-0.0811539$ & $-0.0115716$ & $0.435252$ & $0.4283$ & $-0.232584$ & $-0.302581$ & $-0.0220881$ & $0.0825096$ & $-0.0968721$ & $-0.386449$ & $-0.372693$ & $-0.15257$ & $-0.0139516$ & $-0.0146727$ & $0.228092$ & $0.381536$ & $0.379087$ & $0.368028$ & $-0.418165$ & $0.190244$ & $-0.193107$ & $1$ & $0.13129$ & $0.0107365$ & $0.02487$ & $0.0151285$ & $-0.0210268$ & $0.0107535$ & $0.688888$ & $-0.00907222$ & $-0.0259511$ & $0.00533487$ & $-0.00368647$ & $0.00516839$ & $0.00964414$ & $0.00456719$ & $-0.0327632$ & $0.00187591$ & $0.0287663$ & $0.0294738$ & $-0.00394776$ & $0.0146247$ & $0.00571384$ & $-0.0118466$ \\
CHd_33 & $0.011323$ & $-0.0596002$ & $-0.0108553$ & $0.0397232$ & $0.0198421$ & $-0.0450991$ & $-0.0279862$ & $0.305275$ & $0.296763$ & $-0.117096$ & $-0.345345$ & $0.00932759$ & $0.0631385$ & $0.174882$ & $0.118914$ & $0.100575$ & $0.0709601$ & $-0.0069419$ & $0.000390411$ & $0.338381$ & $0.347275$ & $0.335569$ & $0.0351945$ & $-0.0193431$ & $0.0175461$ & $-0.209371$ & $0.13129$ & $1$ & $0.00439712$ & $0.0168144$ & $0.0174687$ & $-0.0301986$ & $0.01844$ & $0.147557$ & $0.0105579$ & $0.00231749$ & $0.0249618$ & $0.00103697$ & $-0.000472952$ & $-0.0232802$ & $-0.003146$ & $-0.000605404$ & $-0.0179735$ & $-0.0279073$ & $-0.00092842$ & $-0.0091402$ & $0.0166941$ & $0.012988$ & $-0.0065079$ \\
CeH_22r & $-0.00679033$ & $0.00111384$ & $-0.0011831$ & $5.46875e-05$ & $-0.00419107$ & $0.0100962$ & $-0.00490727$ & $0.0239568$ & $0.0284684$ & $-0.0176624$ & $-0.0239659$ & $0.0782785$ & $0.0636753$ & $0.00440825$ & $0.0279314$ & $0.00364955$ & $-0.00195859$ & $-0.0181861$ & $-0.0041242$ & $0.0248082$ & $0.0229843$ & $0.0217991$ & $0.00820404$ & $-0.0150728$ & $-0.00162697$ & $-0.0149422$ & $0.0107365$ & $0.00439712$ & $1$ & $0.0502508$ & $0.0173325$ & $-0.016867$ & $0.0489312$ & $-0.00299585$ & $-0.0268863$ & $-0.0278518$ & $0.0229859$ & $0.0019065$ & $-0.0303286$ & $-0.0018702$ & $0.017577$ & $-0.00474184$ & $-0.00146403$ & $0.0117227$ & $-0.00738502$ & $-0.0176399$ & $-0.0106187$ & $-0.0153154$ & $-0.0169583$ \\
CeH_33r & $-0.0239636$ & $-0.00890756$ & $-0.00691229$ & $-0.00476678$ & $0.0214679$ & $-0.00893746$ & $-0.191269$ & $0.0824453$ & $0.104843$ & $-0.183505$ & $-0.0877951$ & $0.422837$ & $0.343264$ & $0.0392381$ & $0.0381964$ & $0.0294528$ & $0.00774158$ & $-0.0146196$ & $-0.00493434$ & $0.0875754$ & $0.0894875$ & $0.0903849$ & $0.0168642$ & $-0.0301682$ & $-0.0128218$ & $-0.0670482$ & $0.02487$ & $0.0168144$ & $0.0502508$ & $1$ & $0.34214$ & $-0.0544569$ & $0.690015$ & $0.0340506$ & $-0.0677136$ & $-0.0339235$ & $-0.130529$ & $-0.0541419$ & $0.00369031$ & $0.00912095$ & $0.0503034$ & $-0.0196816$ & $-0.013682$ & $0.0212653$ & $0.0723601$ & $0.0194191$ & $-0.00220664$ & $-0.0188127$ & $0.00756411$ \\
CuH_22r & $0.0224282$ & $-0.0576997$ & $-0.0560645$ & $0.0590899$ & $0.0109523$ & $-0.000456876$ & $-0.0901443$ & $0.0509205$ & $0.0610025$ & $-0.0980079$ & $-0.0507898$ & $0.155575$ & $0.169908$ & $0.0145038$ & $0.0101885$ & $0.0206391$ & $0.00152061$ & $-0.00646539$ & $-0.0116234$ & $0.0483063$ & $0.0503249$ & $0.053099$ & $0.0157061$ & $-0.0246799$ & $-0.0177405$ & $-0.0364243$ & $0.0151285$ & $0.0174687$ & $0.0173325$ & $0.34214$ & $1$ & $-0.00633327$ & $0.384708$ & $0.0314412$ & $0.0198663$ & $0.00102421$ & $-0.0376511$ & $-0.0355402$ & $0.00277566$ & $0.00393486$ & $0.0441841$ & $-0.0110486$ & $-0.0299446$ & $-0.0078665$ & $-0.0175176$ & $0.066576$ & $0.313432$ & $-0.0058665$ & $0.0291102$ \\
CuH_33r & $-0.0199258$ & $0.0231484$ & $-0.0222228$ & $0.0710637$ & $-0.0326955$ & $-0.000176753$ & $0.945999$ & $-0.0838808$ & $-0.0351527$ & $0.101465$ & $0.0810931$ & $-0.213863$ & $-0.391514$ & $-0.0229335$ & $-0.0489841$ & $-0.0305253$ & $0.00909065$ & $0.0376392$ & $0.026998$ & $-0.0787834$ & $-0.0786636$ & $-0.0735045$ & $0.000493188$ & $0.0489259$ & $0.0276369$ & $0.0482654$ & $-0.0210268$ & $-0.0301986$ & $-0.016867$ & $-0.0544569$ & $-0.00633327$ & $1$ & $-0.0493167$ & $-0.0246409$ & $0.0645177$ & $0.0245595$ & $-0.0262477$ & $0.0156674$ & $0.0299074$ & $-0.0146588$ & $-0.00710848$ & $-0.0130685$ & $-0.0110646$ & $-0.0274815$ & $0.0297828$ & $0.0253288$ & $0.015655$ & $0.00684307$ & $0.0178122$ \\
CdH_33r & $0.0074245$ & $-0.00819387$ & $0.0371788$ & $0.00391284$ & $0.0181028$ & $-0.0113566$ & $-0.211045$ & $0.0661535$ & $0.0880557$ & $-0.192012$ & $-0.081841$ & $0.50409$ & $0.410346$ & $0.0484973$ & $0.0429933$ & $0.0448725$ & $0.0269706$ & $0.00103287$ & $0.00421953$ & $0.0842064$ & $0.0816078$ & $0.0846938$ & $0.0150769$ & $-0.00779785$ & $0.00166581$ & $-0.066501$ & $0.0107535$ & $0.01844$ & $0.0489312$ & $0.690015$ & $0.384708$ & $-0.0493167$ & $1$ & $0.018043$ & $-0.107543$ & $-0.008845$ & $-0.160319$ & $-0.0589349$ & $0.0343755$ & $0.00288586$ & $0.0377451$ & $-0.0309089$ & $-0.0255401$ & $-0.0185209$ & $0.081154$ & $0.00219363$ & $0.0362024$ & $0.0526437$ & $0.38596$ \\
CLL_1221 & $0.00123143$ & $0.00230474$ & $-0.0189616$ & $0.0243679$ & $-0.00825669$ & $-0.133495$ & $-0.0224631$ & $0.56375$ & $0.554453$ & $-0.330649$ & $-0.356243$ & $-0.0121643$ & $0.0970422$ & $-0.232374$ & $-0.587451$ & $-0.0975833$ & $-0.259672$ & $0.00381201$ & $-0.351446$ & $0.278186$ & $0.440147$ & $0.439615$ & $0.2321$ & $-0.626527$ & $-0.206173$ & $-0.258828$ & $0.688888$ & $0.147557$ & $-0.00299585$ & $0.0340506$ & $0.0314412$ & $-0.0246409$ & $0.018043$ & $1$ & $-0.00192532$ & $-0.000585236$ & $0.00212671$ & $0.00481014$ & $0.00529336$ & $0.00669731$ & $0.0136947$ & $-0.0247783$ & $-0.00294301$ & $0.012829$ & $0.00763775$ & $-0.00500031$ & $0.0242419$ & $0.00033676$ & $-0.0135944$ \\
eHggint & $-0.126608$ & $-0.0603328$ & $0.0136668$ & $0.0965595$ & $-0.0163985$ & $-0.00229113$ & $-0.00377858$ & $0.0131314$ & $-0.00695887$ & $0.0241285$ & $-0.00179909$ & $0.0694483$ & $0.00998452$ & $-0.00842634$ & $0.00731453$ & $0.00870188$ & $-0.0266779$ & $-0.0200324$ & $-0.0231467$ & $0.00376221$ & $0.000188552$ & $-0.00381514$ & $0.0123996$ & $-0.0161544$ & $-0.0129553$ & $-0.0192508$ & $-0.00907222$ & $0.0105579$ & $-0.0268863$ & $-0.0677136$ & $0.0198663$ & $0.0645177$ & $-0.107543$ & $-0.00192532$ & $1$ & $0.0993968$ & $0.10286$ & $0.0116644$ & $0.171773$ & $-0.0209096$ & $-0.198693$ & $-0.0325079$ & $-0.0777563$ & $0.0408234$ & $0.020079$ & $-0.0313158$ & $0.122428$ & $-0.154464$ & $-0.0719611$ \\
eHggpar & $0.0267152$ & $0.00341782$ & $-0.038052$ & $0.0785277$ & $-0.00621567$ & $-0.010381$ & $-0.0193969$ & $-0.00496813$ & $-0.0164727$ & $0.0208671$ & $-0.0068564$ & $0.0580979$ & $0.0373042$ & $0.0128175$ & $-0.000447227$ & $0.0340113$ & $0.0210618$ & $0.0225514$ & $-0.00162793$ & $0.00865354$ & $0.00408102$ & $0.00325998$ & $-0.0168036$ & $0.0141532$ & $0.00401353$ & $-0.00351595$ & $-0.0259511$ & $0.00231749$ & $-0.0278518$ & $-0.0339235$ & $0.00102421$ & $0.0245595$ & $-0.008845$ & $-0.000585236$ & $0.0993968$ & $1$ & $-0.0292925$ & $0.0112749$ & $0.0492687$ & $-0.0493104$ & $0.0107735$ & $0.00622472$ & $-0.00684528$ & $-0.106182$ & $0.0119205$ & $0.0796706$ & $-0.0191273$ & $0.0714601$ & $0.00179208$ \\
eHWWint & $0.0354632$ & $-0.059044$ & $-0.0446156$ & $0.141298$ & $-0.0122654$ & $0.0171552$ & $-0.00682713$ & $0.0108299$ & $0.00284779$ & $0.0105539$ & $-0.0145777$ & $0.040646$ & $0.0345258$ & $0.0224028$ & $-0.00266026$ & $0.000408099$ & $-0.00244834$ & $0.00887594$ & $0.00619912$ & $0.0116621$ & $0.0132225$ & $0.0136361$ & $-0.0101142$ & $-0.00313643$ & $0.00465132$ & $0.00011829$ & $0.00533487$ & $0.0249618$ & $0.0229859$ & $-0.130529$ & $-0.0376511$ & $-0.0262477$ & $-0.160319$ & $0.00212671$ & $0.10286$ & $-0.0292925$ & $1$ & $0.0214197$ & $-0.0481212$ & $-0.00255409$ & $-0.129331$ & $0.00436383$ & $0.0410882$ & $0.0198104$ & $-0.251873$ & $-0.0331464$ & $0.105473$ & $-0.00462833$ & $-0.0684732$ \\
eHWWpar & $-0.00160552$ & $0.00620132$ & $-0.00679287$ & $0.0583603$ & $0.00151534$ & $0.0193996$ & $0.0192356$ & $-0.0100662$ & $-0.0107507$ & $0.00316034$ & $0.022007$ & $-0.00906306$ & $-0.0116442$ & $-0.0216001$ & $-0.0154789$ & $-0.0109082$ & $-0.0224289$ & $-0.0100844$ & $-0.0146784$ & $-0.0229799$ & $-0.021231$ & $-0.0196631$ & $-0.00549881$ & $-0.00683663$ & $-0.0180494$ & $0.0183602$ & $-0.00368647$ & $0.00103697$ & $0.0019065$ & $-0.0541419$ & $-0.0355402$ & $0.0156674$ & $-0.0589349$ & $0.00481014$ & $0.0116644$ & $0.0112749$ & $0.0214197$ & $1$ & $0.00357927$ & $0.00666148$ & $0.00779548$ & $-0.0144708$ & $-0.0108267$ & $-0.0339736$ & $0.00827021$ & $-0.011895$ & $0.000820706$ & $0.0222674$ & $-0.0494374$ \\
eHZZint & $0.0124049$ & $0.00977507$ & $-0.0619776$ & $0.0832364$ & $-0.0141317$ & $-0.0301427$ & $0.000599222$ & $-0.00187055$ & $-0.00646088$ & $0.00315816$ & $-0.00511181$ & $0.0231956$ & $0.0237845$ & $0.00787941$ & $-0.00516496$ & $0.0220917$ & $0.0131657$ & $0.0160494$ & $-0.00130097$ & $0.0057291$ & $0.00424412$ & $0.00508491$ & $0.0163929$ & $0.00455512$ & $0.0158847$ & $-0.0113324$ & $0.00516839$ & $-0.000472952$ & $-0.0303286$ & $0.00369031$ & $0.00277566$ & $0.0299074$ & $0.0343755$ & $0.00529336$ & $0.171773$ & $0.0492687$ & $-0.0481212$ & $0.00357927$ & $1$ & $0.00040685$ & $-0.0733286$ & $0.025077$ & $0.0083432$ & $0.0211361$ & $0.192018$ & $0.101252$ & $0.0079921$ & $-0.0011554$ & $0.093037$ \\
eHZZpar & $0.00158618$ & $-0.0124112$ & $0.028223$ & $-0.00226542$ & $0.00161655$ & $0.00819651$ & $-0.0128501$ & $-0.00386741$ & $-0.00331601$ & $-0.0111384$ & $0.00876097$ & $0.00738935$ & $0.0120026$ & $-0.00881169$ & $-0.0139626$ & $-0.0206722$ & $-0.00590771$ & $-0.0010684$ & $0.00402408$ & $-0.0113454$ & $-0.00598511$ & $-0.00842808$ & $0.00199854$ & $-0.0043481$ & $-0.0024901$ & $0.00331552$ & $0.00964414$ & $-0.0232802$ & $-0.0018702$ & $0.00912095$ & $0.00393486$ & $-0.0146588$ & $0.00288586$ & $0.00669731$ & $-0.0209096$ & $-0.0493104$ & $-0.00255409$ & $0.00666148$ & $0.00040685$ & $1$ & $-0.0170669$ & $-0.00186801$ & $-0.00386322$ & $-0.00997075$ & $0.00992176$ & $-0.00173634$ & $-0.00970522$ & $0.0141293$ & $-0.0185971$ \\
eHZgaint & $-0.0944952$ & $0.0694919$ & $-0.038802$ & $0.0206444$ & $0.0286866$ & $-0.0117834$ & $-0.00152707$ & $0.000204519$ & $0.00497839$ & $-0.0606747$ & $0.0093902$ & $-0.00127511$ & $0.0300443$ & $-0.0285481$ & $-0.00706904$ & $0.0137583$ & $-0.0126833$ & $-0.0124531$ & $-0.023699$ & $-0.00625879$ & $-0.0066183$ & $-0.00199936$ & $-0.00137705$ & $-0.00776078$ & $-0.0098094$ & $0.0191624$ & $0.00456719$ & $-0.003146$ & $0.017577$ & $0.0503034$ & $0.0441841$ & $-0.00710848$ & $0.0377451$ & $0.0136947$ & $-0.198693$ & $0.0107735$ & $-0.129331$ & $0.00779548$ & $-0.0733286$ & $-0.0170669$ & $1$ & $0.0267754$ & $-0.0357198$ & $-0.0471394$ & $0.0297935$ & $-0.148844$ & $0.055948$ & $-0.0901636$ & $0.0312129$ \\
eHZgapar & $0.0551509$ & $-0.0431896$ & $-0.0754252$ & $0.00733617$ & $0.00596532$ & $0.010562$ & $-0.00762024$ & $-0.0152038$ & $-0.0153183$ & $0.0208177$ & $0.0103406$ & $-0.0107933$ & $-0.0107637$ & $0.00189867$ & $0.0107169$ & $0.00384391$ & $0.00669763$ & $-0.000314319$ & $0.00777525$ & $-0.012192$ & $-0.0141037$ & $-0.0105266$ & $-0.0247962$ & $0.00941115$ & $-0.0106566$ & $0.0230178$ & $-0.0327632$ & $-0.000605404$ & $-0.00474184$ & $-0.0196816$ & $-0.0110486$ & $-0.0130685$ & $-0.0309089$ & $-0.0247783$ & $-0.0325079$ & $0.00622472$ & $0.00436383$ & $-0.0144708$ & $0.025077$ & $-0.00186801$ & $0.0267754$ & $1$ & $0.00384166$ & $0.00665011$ & $-0.0254427$ & $-0.0216867$ & $0.0418898$ & $-0.0208425$ & $0.00101251$ \\
eHgagaint & $-0.115679$ & $0.0326583$ & $-0.0125716$ & $-0.0209267$ & $-0.000403237$ & $0.0205257$ & $0.00457377$ & $-0.0191307$ & $0.0377419$ & $-0.00556618$ & $0.0163717$ & $-0.0650361$ & $-0.039768$ & $0.00019604$ & $-0.0113617$ & $-0.00862182$ & $0.00713972$ & $0.0136284$ & $0.011596$ & $-0.0155081$ & $-0.014406$ & $-0.0138113$ & $-0.00913192$ & $0.0208717$ & $0.0183928$ & $0.0232757$ & $0.00187591$ & $-0.0179735$ & $-0.00146403$ & $-0.013682$ & $-0.0299446$ & $-0.0110646$ & $-0.0255401$ & $-0.00294301$ & $-0.0777563$ & $-0.00684528$ & $0.0410882$ & $-0.0108267$ & $0.0083432$ & $-0.00386322$ & $-0.0357198$ & $0.00384166$ & $1$ & $0.179795$ & $-0.116209$ & $0.114174$ & $-0.0657668$ & $0.178504$ & $-0.0549631$ \\
eHmumuint & $-0.0287172$ & $-0.0236255$ & $-0.0679788$ & $-0.003796$ & $0.00775353$ & $-0.00377108$ & $-0.0286202$ & $0.0164078$ & $0.0267213$ & $-0.00964711$ & $-0.00868063$ & $-0.0183911$ & $-0.00607005$ & $-0.00863666$ & $0.0017489$ & $0.0213947$ & $-0.0127946$ & $-0.013296$ & $-0.0235566$ & $0.00723735$ & $0.00788646$ & $0.00971003$ & $0.00207234$ & $-0.00950999$ & $0.00213508$ & $0.00384036$ & $0.0287663$ & $-0.0279073$ & $0.0117227$ & $0.0212653$ & $-0.0078665$ & $-0.0274815$ & $-0.0185209$ & $0.012829$ & $0.0408234$ & $-0.106182$ & $0.0198104$ & $-0.0339736$ & $0.0211361$ & $-0.00997075$ & $-0.0471394$ & $0.00665011$ & $0.179795$ & $1$ & $-0.0549091$ & $-0.0638602$ & $-0.0715046$ & $-0.0578062$ & $-0.04265$ \\
eHtautauint & $-0.0940622$ & $-0.020882$ & $0.00261969$ & $-0.040985$ & $-0.00567903$ & $-0.0136022$ & $0.0213051$ & $0.0128446$ & $0.00924635$ & $-0.0101613$ & $-0.0134539$ & $-0.01149$ & $-0.000433741$ & $0.00338982$ & $0.00517295$ & $-0.00910123$ & $0.0086119$ & $-0.00102718$ & $0.00931482$ & $0.0126361$ & $0.0151334$ & $0.0148079$ & $0.0357912$ & $-0.00287711$ & $0.0229188$ & $-0.0261164$ & $0.0294738$ & $-0.00092842$ & $-0.00738502$ & $0.0723601$ & $-0.0175176$ & $0.0297828$ & $0.081154$ & $0.00763775$ & $0.020079$ & $0.0119205$ & $-0.251873$ & $0.00827021$ & $0.192018$ & $0.00992176$ & $0.0297935$ & $-0.0254427$ & $-0.116209$ & $-0.0549091$ & $1$ & $-0.0094417$ & $-0.100829$ & $0.108398$ & $0.0997829$ \\
eHccint & $-0.0852633$ & $0.022453$ & $-0.0860759$ & $0.0241011$ & $-0.016426$ & $-0.0105665$ & $0.0215546$ & $-0.00788055$ & $0.00213406$ & $0.0091311$ & $0.0206368$ & $0.0111881$ & $-0.00363847$ & $-0.0246974$ & $0.00180671$ & $0.00191492$ & $-0.0232172$ & $-0.0221099$ & $-0.0226914$ & $-0.0194033$ & $-0.0201706$ & $-0.0205558$ & $0.00802153$ & $0.00554231$ & $-0.0169544$ & $0.00658678$ & $-0.00394776$ & $-0.0091402$ & $-0.0176399$ & $0.0194191$ & $0.066576$ & $0.0253288$ & $0.00219363$ & $-0.00500031$ & $-0.0313158$ & $0.0796706$ & $-0.0331464$ & $-0.011895$ & $0.101252$ & $-0.00173634$ & $-0.148844$ & $-0.0216867$ & $0.114174$ & $-0.0638602$ & $-0.0094417$ & $1$ & $0.03804$ & $-0.0397243$ & $-0.00269049$ \\
eHccpar & $0.133546$ & $-0.164726$ & $-0.138801$ & $0.170532$ & $-0.00184871$ & $0.0290681$ & $0.00517452$ & $0.043637$ & $0.0393545$ & $-0.0302347$ & $-0.0294125$ & $-0.013302$ & $-0.00330444$ & $-0.00294259$ & $0.00186834$ & $0.00961671$ & $-0.0294934$ & $-0.0235545$ & $-0.0302993$ & $0.0225145$ & $0.0255416$ & $0.0220432$ & $0.028177$ & $-0.0399387$ & $-0.0390309$ & $-0.035094$ & $0.0146247$ & $0.0166941$ & $-0.0106187$ & $-0.00220664$ & $0.313432$ & $0.015655$ & $0.0362024$ & $0.0242419$ & $0.122428$ & $-0.0191273$ & $0.105473$ & $0.000820706$ & $0.0079921$ & $-0.00970522$ & $0.055948$ & $0.0418898$ & $-0.0657668$ & $-0.0715046$ & $-0.100829$ & $0.03804$ & $1$ & $-0.00296276$ & $0.117398$ \\
eHbbint & $-0.0422411$ & $0.0718069$ & $0.0240337$ & $0.038815$ & $0.00130807$ & $0.020895$ & $0.0136214$ & $-0.00646262$ & $0.00651072$ & $0.0116238$ & $0.00185158$ & $-0.0434715$ & $-0.0368988$ & $0.00851852$ & $-0.00333612$ & $-0.0135995$ & $0.00717041$ & $0.00926079$ & $0.0125993$ & $-0.000770171$ & $5.55967e-05$ & $-0.00158385$ & $0.0179096$ & $0.00666259$ & $0.0147665$ & $-0.0115$ & $0.00571384$ & $0.012988$ & $-0.0153154$ & $-0.0188127$ & $-0.0058665$ & $0.00684307$ & $0.0526437$ & $0.00033676$ & $-0.154464$ & $0.0714601$ & $-0.00462833$ & $0.0222674$ & $-0.0011554$ & $0.0141293$ & $-0.0901636$ & $-0.0208425$ & $0.178504$ & $-0.0578062$ & $0.108398$ & $-0.0397243$ & $-0.00296276$ & $1$ & $-0.166362$ \\
eHbbpar & $0.0927728$ & $-0.0472026$ & $0.101598$ & $0.014809$ & $0.00871045$ & $-0.00790249$ & $0.021825$ & $0.00351342$ & $0.00218311$ & $6.45296e-05$ & $-0.0163534$ & $0.0113197$ & $0.0173041$ & $0.020863$ & $0.0187741$ & $0.0231981$ & $0.0240226$ & $0.0126346$ & $0.0121765$ & $0.0186786$ & $0.0126544$ & $0.0138897$ & $0.00567043$ & $0.0112214$ & $0.0090771$ & $-0.0190702$ & $-0.0118466$ & $-0.0065079$ & $-0.0169583$ & $0.00756411$ & $0.0291102$ & $0.0178122$ & $0.38596$ & $-0.0135944$ & $-0.0719611$ & $0.00179208$ & $-0.0684732$ & $-0.0494374$ & $0.093037$ & $-0.0185971$ & $0.0312129$ & $0.00101251$ & $-0.0549631$ & $-0.04265$ & $0.0997829$ & $-0.00269049$ & $0.117398$ & $-0.166362$ & $1$ \\
