 & AlsMz & dAle5Mz & mtop & mHl & Mz & CW & CHG & CHWB & CHWHB_gaga & CHWHB_gagaorth & CHD & CHbox & CH & CHL1_11 & CHL1_22 & CHL1_33 & CHL3_11 & CHL3_22 & CHL3_33 & CHe_11 & CHe_22 & CHe_33 & CHQ1_11 & CHQ1_33 & CHQ3_11 & CHu_11 & CHd_11 & CHd_33 & CeH_22r & CeH_33r & CuH_22r & CuH_33r & CdH_33r & CLL_1221 & eHggint & eHggpar & eHWWint & eHWWpar & eHZZint & eHZZpar & eHZgaint & eHZgapar & eHgagaint & eHmumuint & eHtautauint & eHccint & eHccpar & eHbbint & eHbbpar \\
AlsMz & $1$ & $0.118591$ & $0.195205$ & $0.105292$ & $-0.0349732$ & $0.0916965$ & $0.0221786$ & $0.0114252$ & $0.0117635$ & $-0.0257378$ & $-0.0520277$ & $-0.0422301$ & $0.0381338$ & $0.0556634$ & $0.0526633$ & $0.0202048$ & $0.0582172$ & $0.0343301$ & $0.0521054$ & $0.0541539$ & $0.0463312$ & $0.047839$ & $-0.0282118$ & $0.0159493$ & $-0.0713124$ & $-0.0625566$ & $-0.0685455$ & $0.140953$ & $0.0644986$ & $-0.0505948$ & $-0.035581$ & $-0.0212459$ & $-0.0691979$ & $-0.022134$ & $0.0457059$ & $0.13337$ & $0.119869$ & $0.0340204$ & $-0.138244$ & $-0.103622$ & $-0.0238245$ & $-0.0984757$ & $-0.086814$ & $0.072875$ & $0.0424878$ & $-0.154933$ & $0.0370498$ & $0.10861$ & $-0.101492$ \\
dAle5Mz & $0.118591$ & $1$ & $0.0545707$ & $0.0694939$ & $0.0365219$ & $0.0706504$ & $0.0683365$ & $-0.119145$ & $-0.127691$ & $0.064567$ & $0.0971127$ & $0.156673$ & $-0.158013$ & $-0.00551707$ & $-0.0888202$ & $-0.0552633$ & $-0.000784898$ & $0.0545041$ & $0.042882$ & $-0.0739838$ & $-0.077572$ & $-0.0806511$ & $-0.0386859$ & $0.00168209$ & $0.0534929$ & $0.0964129$ & $0.0292825$ & $-0.101029$ & $-0.102293$ & $-0.180688$ & $-0.054611$ & $0.0140024$ & $-0.140212$ & $0.00960579$ & $-0.0445922$ & $-0.0248435$ & $0.11724$ & $-0.107137$ & $-0.00896568$ & $-0.00618456$ & $0.145126$ & $-0.0497093$ & $-0.104646$ & $-0.0453133$ & $0.0204476$ & $-0.0582839$ & $-0.00300576$ & $-0.166161$ & $0.0441712$ \\
mtop & $0.195205$ & $0.0545707$ & $1$ & $0.0602232$ & $-0.0217989$ & $0.0398572$ & $0.0507122$ & $0.0393136$ & $0.0187917$ & $-0.0120894$ & $-0.0579901$ & $0.033766$ & $-0.0396485$ & $0.0306735$ & $-0.000445626$ & $0.100202$ & $0.0479344$ & $0.0385433$ & $-0.0101997$ & $0.0593041$ & $0.066645$ & $0.0709623$ & $-0.0495505$ & $-0.0101902$ & $-0.0125959$ & $0.00930383$ & $-0.0168949$ & $-0.0347695$ & $-0.0123697$ & $-0.0323142$ & $0.105874$ & $0.00502569$ & $-0.0524191$ & $0.0519651$ & $-0.170156$ & $-0.0372424$ & $0.130821$ & $-0.0438993$ & $-0.0596752$ & $-0.0752912$ & $-0.144227$ & $-0.0466055$ & $-0.194744$ & $-0.112112$ & $0.138761$ & $-0.093115$ & $0.0740249$ & $0.040253$ & $-0.0367116$ \\
mHl & $0.105292$ & $0.0694939$ & $0.0602232$ & $1$ & $-0.0780234$ & $-0.00940758$ & $-0.0510688$ & $-0.0391346$ & $-0.0355785$ & $0.0357943$ & $0.054192$ & $-0.0306431$ & $0.037176$ & $-0.0909394$ & $-0.0237488$ & $-0.00123738$ & $0.0180533$ & $-0.0202652$ & $-0.0321665$ & $-0.0602685$ & $-0.0523078$ & $-0.0465418$ & $-0.045241$ & $0.0247564$ & $-0.0432902$ & $0.0693058$ & $-0.0191007$ & $-0.036681$ & $0.0676316$ & $0.093096$ & $0.102226$ & $-0.0260117$ & $0.0337188$ & $0.0269657$ & $0.00760237$ & $0.0312371$ & $0.0443005$ & $-0.150849$ & $-0.00424229$ & $-0.0409284$ & $0.0440159$ & $0.00849158$ & $-0.122409$ & $0.0700748$ & $-0.0423853$ & $0.0387352$ & $-0.0920253$ & $-0.188895$ & $-0.109849$ \\
Mz & $-0.0349732$ & $0.0365219$ & $-0.0217989$ & $-0.0780234$ & $1$ & $0.0487893$ & $0.0219923$ & $0.106294$ & $0.110671$ & $-0.0561638$ & $-0.0501694$ & $0.0420483$ & $-0.0399774$ & $-0.0316678$ & $0.0238542$ & $0.0259208$ & $-0.100879$ & $-0.0978243$ & $-0.103009$ & $0.055695$ & $0.0622573$ & $0.0597314$ & $0.0607746$ & $-0.138018$ & $-0.102312$ & $-0.059187$ & $0.0432162$ & $-0.0509912$ & $0.013897$ & $-0.0281354$ & $0.0134427$ & $0.0388569$ & $-0.0194765$ & $0.0712075$ & $0.108291$ & $-0.0398313$ & $-0.000801043$ & $0.0926142$ & $-0.115056$ & $0.041828$ & $0.0230555$ & $0.0730476$ & $-0.0161536$ & $-0.0763254$ & $0.00227026$ & $0.0154767$ & $0.0212105$ & $0.0439586$ & $-0.00646118$ \\
CW & $0.0916965$ & $0.0706504$ & $0.0398572$ & $-0.00940758$ & $0.0487893$ & $1$ & $-0.0370359$ & $-0.0546784$ & $-0.0581724$ & $-0.00764853$ & $0.162563$ & $0.0247162$ & $-0.019343$ & $-0.035698$ & $-0.0781003$ & $-0.146814$ & $-0.321477$ & $-0.153607$ & $-0.121258$ & $-0.162393$ & $-0.162465$ & $-0.163613$ & $0.000533119$ & $-0.105786$ & $-0.186305$ & $0.100263$ & $-0.0438922$ & $-0.122495$ & $-0.0162937$ & $-0.0756103$ & $-0.024987$ & $-0.0408534$ & $-0.0425294$ & $-0.0946497$ & $0.020256$ & $0.0788446$ & $0.00043763$ & $0.118474$ & $-0.00992049$ & $0.0127142$ & $-0.00763835$ & $0.0103522$ & $-0.0652045$ & $0.0626767$ & $0.0118211$ & $0.0147753$ & $-0.0955113$ & $-0.0205532$ & $0.000816647$ \\
CHG & $0.0221786$ & $0.0683365$ & $0.0507122$ & $-0.0510688$ & $0.0219923$ & $-0.0370359$ & $1$ & $0.0235119$ & $0.036458$ & $0.0582479$ & $-0.0191729$ & $0.585409$ & $-0.607141$ & $0.0214732$ & $-0.00484065$ & $0.0506654$ & $-0.0228248$ & $-0.00265962$ & $-0.0356426$ & $0.016768$ & $0.0239479$ & $0.0195799$ & $0.00460873$ & $-0.0233696$ & $-0.0192006$ & $-0.0315798$ & $-0.00288209$ & $0.00400676$ & $-0.113807$ & $-0.44309$ & $-0.275577$ & $0.833864$ & $-0.514458$ & $0.0237274$ & $-0.0235347$ & $-0.0387744$ & $-0.0280553$ & $0.0449414$ & $-0.0534187$ & $-0.0624692$ & $0.00208593$ & $0.0198084$ & $-0.0522575$ & $0.0149736$ & $0.108921$ & $0.0104675$ & $0.0677183$ & $-0.0385872$ & $0.0247522$ \\
CHWB & $0.0114252$ & $-0.119145$ & $0.0393136$ & $-0.0391346$ & $0.106294$ & $-0.0546784$ & $0.0235119$ & $1$ & $0.98759$ & $-0.56038$ & $-0.847935$ & $-0.0563711$ & $0.0261553$ & $0.182933$ & $0.409692$ & $0.49401$ & $-0.322306$ & $-0.444777$ & $-0.487358$ & $0.827311$ & $0.865371$ & $0.8541$ & $0.00689939$ & $-0.627473$ & $-0.456309$ & $-0.545517$ & $0.36531$ & $0.41204$ & $0.00979446$ & $0.011461$ & $0.0372489$ & $0.0394719$ & $0.0433015$ & $0.539511$ & $0.0439905$ & $0.00934189$ & $0.0951053$ & $-0.0902914$ & $-0.126425$ & $-0.104546$ & $-0.118485$ & $-0.00682496$ & $0.00679657$ & $-0.106222$ & $-0.035006$ & $0.0588397$ & $0.0222434$ & $0.00382244$ & $-0.0208623$ \\
CHWHB_gaga & $0.0117635$ & $-0.127691$ & $0.0187917$ & $-0.0355785$ & $0.110671$ & $-0.0581724$ & $0.036458$ & $0.98759$ & $1$ & $-0.55716$ & $-0.844777$ & $-0.073737$ & $0.0448109$ & $0.195844$ & $0.412055$ & $0.492353$ & $-0.30849$ & $-0.430167$ & $-0.471245$ & $0.823738$ & $0.860565$ & $0.84777$ & $0.0055965$ & $-0.606809$ & $-0.442851$ & $-0.543943$ & $0.355576$ & $0.405047$ & $0.025342$ & $0.0399287$ & $0.0575206$ & $0.0477915$ & $0.0658228$ & $0.524191$ & $0.0508414$ & $0.0230636$ & $0.0659153$ & $-0.0821822$ & $-0.145436$ & $-0.118236$ & $-0.110818$ & $-0.0130154$ & $0.0694837$ & $-0.0883617$ & $-0.0518203$ & $0.0742731$ & $0.0201447$ & $0.0117393$ & $-0.0359942$ \\
CHWHB_gagaorth & $-0.0257378$ & $0.064567$ & $-0.0120894$ & $0.0357943$ & $-0.0561638$ & $-0.00764853$ & $0.0582479$ & $-0.56038$ & $-0.55716$ & $1$ & $0.442344$ & $0.235282$ & $-0.166672$ & $-0.0506723$ & $-0.218663$ & $-0.222203$ & $0.236321$ & $0.305234$ & $0.305479$ & $-0.426584$ & $-0.45546$ & $-0.441222$ & $0.0355416$ & $0.377898$ & $0.291466$ & $0.225658$ & $-0.253503$ & $-0.233784$ & $-0.0275007$ & $-0.126233$ & $-0.0706691$ & $0.052186$ & $-0.20617$ & $-0.307849$ & $0.0462814$ & $-0.0330281$ & $0.0395914$ & $-0.00598834$ & $0.0589667$ & $0.08956$ & $0.0439678$ & $0.0203099$ & $-0.0322701$ & $0.0439821$ & $-0.0359263$ & $-0.0378165$ & $0.136512$ & $0.0423239$ & $-0.0453936$ \\
CHD & $-0.0520277$ & $0.0971127$ & $-0.0579901$ & $0.054192$ & $-0.0501694$ & $0.162563$ & $-0.0191729$ & $-0.847935$ & $-0.844777$ & $0.442344$ & $1$ & $0.120845$ & $-0.0796567$ & $-0.632411$ & $-0.545357$ & $-0.607754$ & $-0.198654$ & $-0.0230677$ & $0.0184055$ & $-0.994226$ & $-0.994475$ & $-0.981589$ & $0.0891084$ & $0.16784$ & $-0.0171636$ & $0.617903$ & $-0.207247$ & $-0.491833$ & $-0.0095475$ & $-0.0606155$ & $-0.053722$ & $-0.0140919$ & $-0.0740293$ & $-0.294593$ & $-0.00315286$ & $-0.0307965$ & $-0.147285$ & $0.135833$ & $0.0734527$ & $0.0975857$ & $0.0710064$ & $0.00962869$ & $-0.0619334$ & $0.0884086$ & $0.0544279$ & $0.0095679$ & $-0.0313464$ & $0.0133495$ & $0.0279819$ \\
CHbox & $-0.0422301$ & $0.156673$ & $0.033766$ & $-0.0306431$ & $0.0420483$ & $0.0247162$ & $0.585409$ & $-0.0563711$ & $-0.073737$ & $0.235282$ & $0.120845$ & $1$ & $-0.992058$ & $-0.131671$ & $-0.0589733$ & $-0.028851$ & $-0.125135$ & $-0.0922852$ & $-0.0980965$ & $-0.114376$ & $-0.117032$ & $-0.113178$ & $0.0128679$ & $-0.0727196$ & $-0.103962$ & $0.0721612$ & $-0.0359543$ & $-0.101005$ & $-0.206449$ & $-0.559095$ & $-0.322846$ & $0.355047$ & $-0.593023$ & $-0.00458845$ & $-0.0732638$ & $-0.103523$ & $-0.0391625$ & $-0.0100791$ & $-0.0051482$ & $-0.0116974$ & $0.0262074$ & $-0.061869$ & $-0.0502145$ & $0.00535146$ & $0.103924$ & $-0.101412$ & $0.0991837$ & $-0.0317666$ & $0.0860572$ \\
CH & $0.0381338$ & $-0.158013$ & $-0.0396485$ & $0.037176$ & $-0.0399774$ & $-0.019343$ & $-0.607141$ & $0.0261553$ & $0.0448109$ & $-0.166672$ & $-0.0796567$ & $-0.992058$ & $1$ & $0.0965588$ & $0.0405874$ & $0.0112553$ & $0.107986$ & $0.0808475$ & $0.0873083$ & $0.0749449$ & $0.0754813$ & $0.0731215$ & $-0.00466007$ & $0.0719335$ & $0.0927257$ & $-0.0530748$ & $0.0227042$ & $0.0808135$ & $0.209691$ & $0.582286$ & $0.326802$ & $-0.365033$ & $0.609731$ & $-0.00749633$ & $0.0899187$ & $0.104096$ & $0.0330838$ & $0.0145273$ & $-0.00165254$ & $0.0209765$ & $-0.0239433$ & $0.0649981$ & $0.0454493$ & $-0.00746557$ & $-0.109007$ & $0.104704$ & $-0.0896361$ & $0.0372317$ & $-0.0916699$ \\
CHL1_11 & $0.0556634$ & $-0.00551707$ & $0.0306735$ & $-0.0909394$ & $-0.0316678$ & $-0.035698$ & $0.0214732$ & $0.182933$ & $0.195844$ & $-0.0506723$ & $-0.632411$ & $-0.131671$ & $0.0965588$ & $1$ & $0.379422$ & $0.375373$ & $0.637527$ & $0.626129$ & $0.610784$ & $0.646175$ & $0.600417$ & $0.594454$ & $-0.183059$ & $0.511191$ & $0.599726$ & $-0.337824$ & $-0.117855$ & $0.302686$ & $-0.0354452$ & $0.0573208$ & $0.0512333$ & $-0.00619555$ & $0.0772226$ & $-0.235049$ & $-0.0798503$ & $0.0477345$ & $0.137107$ & $-0.132197$ & $0.013563$ & $-0.0384292$ & $0.0241182$ & $-0.00480129$ & $0.079428$ & $0.0118147$ & $-0.0458864$ & $-0.07554$ & $0.0334269$ & $-0.0532437$ & $0.0102456$ \\
CHL1_22 & $0.0526633$ & $-0.0888202$ & $-0.000445626$ & $-0.0237488$ & $0.0238542$ & $-0.0781003$ & $-0.00484065$ & $0.409692$ & $0.412055$ & $-0.218663$ & $-0.545357$ & $-0.0589733$ & $0.0405874$ & $0.379422$ & $1$ & $0.524211$ & $0.160128$ & $-0.294106$ & $0.00823076$ & $0.590624$ & $0.485815$ & $0.473661$ & $-0.213391$ & $0.0904245$ & $-0.0637608$ & $-0.288076$ & $-0.344085$ & $0.295353$ & $-0.0278187$ & $0.0105797$ & $-0.012459$ & $-0.0415326$ & $0.0419118$ & $-0.510306$ & $-0.0425972$ & $0.0314291$ & $0.0351149$ & $-0.0779363$ & $-0.0842701$ & $-0.00896465$ & $0.00350927$ & $0.00697392$ & $0.100438$ & $-0.0104461$ & $-0.0469405$ & $0.00730145$ & $-0.0636548$ & $-0.0304176$ & $0.011217$ \\
CHL1_33 & $0.0202048$ & $-0.0552633$ & $0.100202$ & $-0.00123738$ & $0.0259208$ & $-0.146814$ & $0.0506654$ & $0.49401$ & $0.492353$ & $-0.222203$ & $-0.607754$ & $-0.028851$ & $0.0112553$ & $0.375373$ & $0.524211$ & $1$ & $0.119487$ & $-0.0223112$ & $-0.317904$ & $0.650022$ & $0.556876$ & $0.558821$ & $-0.261813$ & $0.0067604$ & $-0.096461$ & $-0.287763$ & $-0.272691$ & $0.287351$ & $-0.0455523$ & $0.0643489$ & $0.0891506$ & $0.022559$ & $-0.0114285$ & $0.016321$ & $-0.116302$ & $-0.0238334$ & $0.093919$ & $-0.142256$ & $0.0147542$ & $-0.0300959$ & $-0.0270545$ & $-0.0174607$ & $-0.0123984$ & $-0.151485$ & $-0.014554$ & $-0.0268624$ & $0.0638656$ & $0.00585342$ & $-0.0852723$ \\
CHL3_11 & $0.0582172$ & $-0.000784898$ & $0.0479344$ & $0.0180533$ & $-0.100879$ & $-0.321477$ & $-0.0228248$ & $-0.322306$ & $-0.30849$ & $0.236321$ & $-0.198654$ & $-0.125135$ & $0.107986$ & $0.637527$ & $0.160128$ & $0.119487$ & $1$ & $0.83462$ & $0.837662$ & $0.214992$ & $0.169728$ & $0.164993$ & $-0.106412$ & $0.803303$ & $0.859823$ & $-0.123408$ & $-0.217519$ & $0.120107$ & $0.033309$ & $0.116836$ & $0.0266744$ & $-0.0537761$ & $0.0555485$ & $-0.33848$ & $-0.0316085$ & $0.0412497$ & $0.0834175$ & $-0.0620269$ & $0.116856$ & $0.0231352$ & $0.0700441$ & $-0.00973503$ & $0.110033$ & $0.0195919$ & $-0.0480236$ & $-0.119122$ & $0.00168627$ & $-0.00749828$ & $-0.0332489$ \\
CHL3_22 & $0.0343301$ & $0.0545041$ & $0.0385433$ & $-0.0202652$ & $-0.0978243$ & $-0.153607$ & $-0.00265962$ & $-0.444777$ & $-0.430167$ & $0.305234$ & $-0.0230677$ & $-0.0922852$ & $0.0808475$ & $0.626129$ & $-0.294106$ & $-0.0223112$ & $0.83462$ & $1$ & $0.801634$ & $0.0261854$ & $0.0143193$ & $0.0173595$ & $-0.0590828$ & $0.754529$ & $0.866555$ & $-0.00432851$ & $-0.0895166$ & $0.00545966$ & $0.0119171$ & $0.0898205$ & $0.0458207$ & $-0.0181542$ & $0.0352558$ & $-0.121628$ & $-0.050782$ & $0.0229516$ & $0.0766414$ & $-0.0436779$ & $0.1409$ & $0.0150414$ & $0.071764$ & $-0.0136247$ & $0.0372447$ & $0.026584$ & $-0.016539$ & $-0.120003$ & $0.0513983$ & $-0.0131584$ & $-0.0255094$ \\
CHL3_33 & $0.0521054$ & $0.042882$ & $-0.0101997$ & $-0.0321665$ & $-0.103009$ & $-0.121258$ & $-0.0356426$ & $-0.487358$ & $-0.471245$ & $0.305479$ & $0.0184055$ & $-0.0980965$ & $0.0873083$ & $0.610784$ & $0.00823076$ & $-0.317904$ & $0.837662$ & $0.801634$ & $1$ & $-0.0141049$ & $-0.030925$ & $-0.0239214$ & $-0.0303332$ & $0.789521$ & $0.870269$ & $0.00350971$ & $-0.116174$ & $0.0167222$ & $0.0151722$ & $0.0520696$ & $-0.0286389$ & $-0.0596234$ & $0.066552$ & $-0.448866$ & $-0.0148203$ & $0.0419586$ & $0.0480736$ & $-0.00731061$ & $0.0722072$ & $0.0200969$ & $0.0837941$ & $-0.00730196$ & $0.0939548$ & $0.105948$ & $-0.0197577$ & $-0.118515$ & $-0.0238093$ & $-0.0265513$ & $0.0433472$ \\
CHe_11 & $0.0541539$ & $-0.0739838$ & $0.0593041$ & $-0.0602685$ & $0.055695$ & $-0.162393$ & $0.016768$ & $0.827311$ & $0.823738$ & $-0.426584$ & $-0.994226$ & $-0.114376$ & $0.0749449$ & $0.646175$ & $0.590624$ & $0.650022$ & $0.214992$ & $0.0261854$ & $-0.0141049$ & $1$ & $0.983171$ & $0.970049$ & $-0.114433$ & $-0.131422$ & $0.0266743$ & $-0.605167$ & $0.150275$ & $0.489058$ & $0.00136173$ & $0.0562594$ & $0.0518173$ & $0.00880274$ & $0.071052$ & $0.234484$ & $-0.0102284$ & $0.0280018$ & $0.143248$ & $-0.133028$ & $-0.0757471$ & $-0.0952498$ & $-0.0647548$ & $-0.0108938$ & $0.053897$ & $-0.0981186$ & $-0.0513794$ & $-0.0109816$ & $0.0263524$ & $-0.0205823$ & $-0.0225336$ \\
CHe_22 & $0.0463312$ & $-0.077572$ & $0.066645$ & $-0.0523078$ & $0.0622573$ & $-0.162465$ & $0.0239479$ & $0.865371$ & $0.860565$ & $-0.45546$ & $-0.994475$ & $-0.117032$ & $0.0754813$ & $0.600417$ & $0.485815$ & $0.556876$ & $0.169728$ & $0.0143193$ & $-0.030925$ & $0.983171$ & $1$ & $0.985626$ & $-0.0589256$ & $-0.215588$ & $-0.000117442$ & $-0.627857$ & $0.270075$ & $0.487051$ & $0.0100183$ & $0.0550361$ & $0.052765$ & $0.022495$ & $0.07191$ & $0.366078$ & $0.0191755$ & $0.0319473$ & $0.150508$ & $-0.13029$ & $-0.0817158$ & $-0.10555$ & $-0.0837242$ & $-0.0124944$ & $0.0499245$ & $-0.0946323$ & $-0.0538667$ & $-0.0068374$ & $0.0301867$ & $-0.0175085$ & $-0.0239751$ \\
CHe_33 & $0.047839$ & $-0.0806511$ & $0.0709623$ & $-0.0465418$ & $0.0597314$ & $-0.163613$ & $0.0195799$ & $0.8541$ & $0.84777$ & $-0.441222$ & $-0.981589$ & $-0.113178$ & $0.0731215$ & $0.594454$ & $0.473661$ & $0.558821$ & $0.164993$ & $0.0173595$ & $-0.0239214$ & $0.970049$ & $0.985626$ & $1$ & $-0.059838$ & $-0.209863$ & $0.00316246$ & $-0.612636$ & $0.275176$ & $0.494326$ & $-0.00420828$ & $0.0572528$ & $0.0501095$ & $0.0201133$ & $0.0709653$ & $0.364216$ & $0.0139485$ & $0.015695$ & $0.15816$ & $-0.137273$ & $-0.0726768$ & $-0.111989$ & $-0.0867753$ & $-0.0248333$ & $0.0402352$ & $-0.107791$ & $-0.0346131$ & $-0.0285973$ & $0.046189$ & $-0.00313633$ & $-0.0219365$ \\
CHQ1_11 & $-0.0282118$ & $-0.0386859$ & $-0.0495505$ & $-0.045241$ & $0.0607746$ & $0.000533119$ & $0.00460873$ & $0.00689939$ & $0.0055965$ & $0.0355416$ & $0.0891084$ & $0.0128679$ & $-0.00466007$ & $-0.183059$ & $-0.213391$ & $-0.261813$ & $-0.106412$ & $-0.0590828$ & $-0.0303332$ & $-0.114433$ & $-0.0589256$ & $-0.059838$ & $1$ & $-0.171592$ & $0.018842$ & $-0.601824$ & $0.380545$ & $0.0126833$ & $0.00682265$ & $0.0163971$ & $-0.0200936$ & $0.05661$ & $0.012006$ & $0.213272$ & $0.1642$ & $0.0307533$ & $0.0909403$ & $0.0583481$ & $0.0211519$ & $-0.0743825$ & $-0.0861203$ & $0.0105663$ & $0.0338279$ & $-0.0034446$ & $-0.119361$ & $0.0790719$ & $-0.0017959$ & $-0.00255745$ & $0.00613112$ \\
CHQ1_33 & $0.0159493$ & $0.00168209$ & $-0.0101902$ & $0.0247564$ & $-0.138018$ & $-0.105786$ & $-0.0233696$ & $-0.627473$ & $-0.606809$ & $0.377898$ & $0.16784$ & $-0.0727196$ & $0.0719335$ & $0.511191$ & $0.0904245$ & $0.0067604$ & $0.803303$ & $0.754529$ & $0.789521$ & $-0.131422$ & $-0.215588$ & $-0.209863$ & $-0.171592$ & $1$ & $0.784667$ & $0.161797$ & $-0.395965$ & $0.0061169$ & $-0.018344$ & $0.0668514$ & $0.00301551$ & $-0.0639211$ & $0.0192353$ & $-0.636296$ & $-0.108155$ & $0.0395677$ & $9.82313e-05$ & $-0.00552643$ & $0.120151$ & $0.0425413$ & $0.0859909$ & $-0.00625601$ & $0.0639624$ & $0.0789425$ & $-0.0170347$ & $-0.105902$ & $-0.0400199$ & $-0.0123363$ & $-0.0595006$ \\
CHQ3_11 & $-0.0713124$ & $0.0534929$ & $-0.0125959$ & $-0.0432902$ & $-0.102312$ & $-0.186305$ & $-0.0192006$ & $-0.456309$ & $-0.442851$ & $0.291466$ & $-0.0171636$ & $-0.103962$ & $0.0927257$ & $0.599726$ & $-0.0637608$ & $-0.096461$ & $0.859823$ & $0.866555$ & $0.870269$ & $0.0266743$ & $-0.000117442$ & $0.00316246$ & $0.018842$ & $0.784667$ & $1$ & $-0.0149888$ & $0.0702812$ & $0.0149079$ & $-0.0226722$ & $0.0786595$ & $-0.0193442$ & $-0.0458729$ & $0.0525985$ & $-0.327642$ & $-0.0358184$ & $0.0338398$ & $0.0513962$ & $-0.0507582$ & $0.133637$ & $0.0192203$ & $0.0249995$ & $-0.00647797$ & $0.0493624$ & $0.0330835$ & $-0.0108946$ & $-0.0979452$ & $0.00826938$ & $-0.0275621$ & $0.0267889$ \\
CHu_11 & $-0.0625566$ & $0.0964129$ & $0.00930383$ & $0.0693058$ & $-0.059187$ & $0.100263$ & $-0.0315798$ & $-0.545517$ & $-0.543943$ & $0.225658$ & $0.617903$ & $0.0721612$ & $-0.0530748$ & $-0.337824$ & $-0.288076$ & $-0.287763$ & $-0.123408$ & $-0.00432851$ & $0.00350971$ & $-0.605167$ & $-0.627857$ & $-0.612636$ & $-0.601824$ & $0.161797$ & $-0.0149888$ & $1$ & $-0.198364$ & $-0.37629$ & $-0.0247664$ & $-0.0752536$ & $-0.0497506$ & $-0.0677376$ & $-0.0393504$ & $-0.266328$ & $-0.159049$ & $-0.0782383$ & $-0.142881$ & $0.0424745$ & $0.0514015$ & $0.133359$ & $0.0654897$ & $-0.030399$ & $-0.0625423$ & $0.046148$ & $0.155614$ & $-0.0402401$ & $-0.0131704$ & $0.00281047$ & $0.0659581$ \\
CHd_11 & $-0.0685455$ & $0.0292825$ & $-0.0168949$ & $-0.0191007$ & $0.0432162$ & $-0.0438922$ & $-0.00288209$ & $0.36531$ & $0.355576$ & $-0.253503$ & $-0.207247$ & $-0.0359543$ & $0.0227042$ & $-0.117855$ & $-0.344085$ & $-0.272691$ & $-0.217519$ & $-0.0895166$ & $-0.116174$ & $0.150275$ & $0.270075$ & $0.275176$ & $0.380545$ & $-0.395965$ & $0.0702812$ & $-0.198364$ & $1$ & $0.0893003$ & $-0.0144529$ & $-0.0248053$ & $-0.0794052$ & $0.0141065$ & $0.019087$ & $0.650726$ & $0.0843948$ & $0.0256573$ & $0.0453529$ & $-0.00401815$ & $-0.0313983$ & $-0.0934201$ & $-0.183269$ & $-0.0376093$ & $-0.0718134$ & $-0.042176$ & $0.0290383$ & $0.0232517$ & $0.0104918$ & $0.0151938$ & $0.0244742$ \\
CHd_33 & $0.140953$ & $-0.101029$ & $-0.0347695$ & $-0.036681$ & $-0.0509912$ & $-0.122495$ & $0.00400676$ & $0.41204$ & $0.405047$ & $-0.233784$ & $-0.491833$ & $-0.101005$ & $0.0808135$ & $0.302686$ & $0.295353$ & $0.287351$ & $0.120107$ & $0.00545966$ & $0.0167222$ & $0.489058$ & $0.487051$ & $0.494326$ & $0.0126833$ & $0.0061169$ & $0.0149079$ & $-0.37629$ & $0.0893003$ & $1$ & $0.0164519$ & $0.0676116$ & $0.0638545$ & $0.0124271$ & $0.0777503$ & $0.126703$ & $0.0642296$ & $-0.0337264$ & $0.136799$ & $-0.125354$ & $-0.0515268$ & $-0.0848591$ & $-0.0708349$ & $6.07406e-05$ & $-0.0107078$ & $-0.0316169$ & $-0.0534755$ & $0.0918211$ & $0.00286526$ & $0.0667595$ & $-0.00816663$ \\
CeH_22r & $0.0644986$ & $-0.102293$ & $-0.0123697$ & $0.0676316$ & $0.013897$ & $-0.0162937$ & $-0.113807$ & $0.00979446$ & $0.025342$ & $-0.0275007$ & $-0.0095475$ & $-0.206449$ & $0.209691$ & $-0.0354452$ & $-0.0278187$ & $-0.0455523$ & $0.033309$ & $0.0119171$ & $0.0151722$ & $0.00136173$ & $0.0100183$ & $-0.00420828$ & $0.00682265$ & $-0.018344$ & $-0.0226722$ & $-0.0247664$ & $-0.0144529$ & $0.0164519$ & $1$ & $0.191658$ & $0.156037$ & $-0.0904792$ & $0.0989781$ & $0.0511202$ & $0.0493406$ & $0.0428545$ & $0.0420368$ & $0.082922$ & $0.022308$ & $-0.0140424$ & $-0.0189868$ & $0.081296$ & $0.0221679$ & $-0.069364$ & $0.0297091$ & $-0.0329787$ & $-0.0666189$ & $-0.017567$ & $-0.131127$ \\
CeH_33r & $-0.0505948$ & $-0.180688$ & $-0.0323142$ & $0.093096$ & $-0.0281354$ & $-0.0756103$ & $-0.44309$ & $0.011461$ & $0.0399287$ & $-0.126233$ & $-0.0606155$ & $-0.559095$ & $0.582286$ & $0.0573208$ & $0.0105797$ & $0.0643489$ & $0.116836$ & $0.0898205$ & $0.0520696$ & $0.0562594$ & $0.0550361$ & $0.0572528$ & $0.0163971$ & $0.0668514$ & $0.0786595$ & $-0.0752536$ & $-0.0248053$ & $0.0676116$ & $0.191658$ & $1$ & $0.411934$ & $-0.178205$ & $0.733647$ & $0.0173501$ & $0.0290119$ & $0.03779$ & $-0.0884729$ & $-0.00466339$ & $-0.0159572$ & $0.0497286$ & $0.0566982$ & $0.0542047$ & $0.0036037$ & $0.0151942$ & $-0.04278$ & $0.0598556$ & $-0.0411667$ & $0.0371856$ & $-0.0703561$ \\
CuH_22r & $-0.035581$ & $-0.054611$ & $0.105874$ & $0.102226$ & $0.0134427$ & $-0.024987$ & $-0.275577$ & $0.0372489$ & $0.0575206$ & $-0.0706691$ & $-0.053722$ & $-0.322846$ & $0.326802$ & $0.0512333$ & $-0.012459$ & $0.0891506$ & $0.0266744$ & $0.0458207$ & $-0.0286389$ & $0.0518173$ & $0.052765$ & $0.0501095$ & $-0.0200936$ & $0.00301551$ & $-0.0193442$ & $-0.0497506$ & $-0.0794052$ & $0.0638545$ & $0.156037$ & $0.411934$ & $1$ & $-0.0568578$ & $0.442726$ & $0.0434838$ & $0.0358437$ & $-0.0882467$ & $-0.0462252$ & $-0.069488$ & $0.00246144$ & $-0.0165932$ & $-0.032401$ & $-0.0129422$ & $0.00994404$ & $-0.0381538$ & $-0.050763$ & $0.126522$ & $0.286987$ & $0.0214539$ & $-0.051876$ \\
CuH_33r & $-0.0212459$ & $0.0140024$ & $0.00502569$ & $-0.0260117$ & $0.0388569$ & $-0.0408534$ & $0.833864$ & $0.0394719$ & $0.0477915$ & $0.052186$ & $-0.0140919$ & $0.355047$ & $-0.365033$ & $-0.00619555$ & $-0.0415326$ & $0.022559$ & $-0.0537761$ & $-0.0181542$ & $-0.0596234$ & $0.00880274$ & $0.022495$ & $0.0201133$ & $0.05661$ & $-0.0639211$ & $-0.0458729$ & $-0.0677376$ & $0.0141065$ & $0.0124271$ & $-0.0904792$ & $-0.178205$ & $-0.0568578$ & $1$ & $-0.18078$ & $0.0656556$ & $0.0657744$ & $0.0074989$ & $-0.0623765$ & $0.0318925$ & $-0.0654418$ & $-0.0287814$ & $-0.0280127$ & $0.0564925$ & $-0.0173404$ & $0.0419136$ & $0.0201496$ & $0.0801068$ & $0.0566868$ & $-0.0791108$ & $0.020854$ \\
CdH_33r & $-0.0691979$ & $-0.140212$ & $-0.0524191$ & $0.0337188$ & $-0.0194765$ & $-0.0425294$ & $-0.514458$ & $0.0433015$ & $0.0658228$ & $-0.20617$ & $-0.0740293$ & $-0.593023$ & $0.609731$ & $0.0772226$ & $0.0419118$ & $-0.0114285$ & $0.0555485$ & $0.0352558$ & $0.066552$ & $0.071052$ & $0.07191$ & $0.0709653$ & $0.012006$ & $0.0192353$ & $0.0525985$ & $-0.0393504$ & $0.019087$ & $0.0777503$ & $0.0989781$ & $0.733647$ & $0.442726$ & $-0.18078$ & $1$ & $-0.0091188$ & $-0.0105501$ & $0.0209893$ & $-0.127314$ & $-0.0131556$ & $-0.0420782$ & $0.0365941$ & $0.0342818$ & $0.0486675$ & $0.0283625$ & $0.030623$ & $-0.0901951$ & $0.144241$ & $-0.0928607$ & $0.0911898$ & $0.341855$ \\
CLL_1221 & $-0.022134$ & $0.00960579$ & $0.0519651$ & $0.0269657$ & $0.0712075$ & $-0.0946497$ & $0.0237274$ & $0.539511$ & $0.524191$ & $-0.307849$ & $-0.294593$ & $-0.00458845$ & $-0.00749633$ & $-0.235049$ & $-0.510306$ & $0.016321$ & $-0.33848$ & $-0.121628$ & $-0.448866$ & $0.234484$ & $0.366078$ & $0.364216$ & $0.213272$ & $-0.636296$ & $-0.327642$ & $-0.266328$ & $0.650726$ & $0.126703$ & $0.0511202$ & $0.0173501$ & $0.0434838$ & $0.0656556$ & $-0.0091188$ & $1$ & $0.0983568$ & $-0.0152076$ & $0.0665277$ & $-0.0215339$ & $-0.0188221$ & $-0.077377$ & $-0.105368$ & $-0.0231152$ & $-0.0764522$ & $-0.105946$ & $-0.00585762$ & $0.0403456$ & $0.0657045$ & $0.0340598$ & $-0.0522984$ \\
eHggint & $0.0457059$ & $-0.0445922$ & $-0.170156$ & $0.00760237$ & $0.108291$ & $0.020256$ & $-0.0235347$ & $0.0439905$ & $0.0508414$ & $0.0462814$ & $-0.00315286$ & $-0.0732638$ & $0.0899187$ & $-0.0798503$ & $-0.0425972$ & $-0.116302$ & $-0.0316085$ & $-0.050782$ & $-0.0148203$ & $-0.0102284$ & $0.0191755$ & $0.0139485$ & $0.1642$ & $-0.108155$ & $-0.0358184$ & $-0.159049$ & $0.0843948$ & $0.0642296$ & $0.0493406$ & $0.0290119$ & $0.0358437$ & $0.0657744$ & $-0.0105501$ & $0.0983568$ & $1$ & $-0.000374137$ & $-0.0413744$ & $0.0494473$ & $-0.0191438$ & $0.0772191$ & $0.000325749$ & $0.0356026$ & $0.109258$ & $0.0467041$ & $-0.192336$ & $0.114746$ & $-0.00371794$ & $-0.0235812$ & $-0.0834163$ \\
eHggpar & $0.13337$ & $-0.0248435$ & $-0.0372424$ & $0.0312371$ & $-0.0398313$ & $0.0788446$ & $-0.0387744$ & $0.00934189$ & $0.0230636$ & $-0.0330281$ & $-0.0307965$ & $-0.103523$ & $0.104096$ & $0.0477345$ & $0.0314291$ & $-0.0238334$ & $0.0412497$ & $0.0229516$ & $0.0419586$ & $0.0280018$ & $0.0319473$ & $0.015695$ & $0.0307533$ & $0.0395677$ & $0.0338398$ & $-0.0782383$ & $0.0256573$ & $-0.0337264$ & $0.0428545$ & $0.03779$ & $-0.0882467$ & $0.0074989$ & $0.0209893$ & $-0.0152076$ & $-0.000374137$ & $1$ & $0.0836792$ & $0.071575$ & $-0.0674383$ & $0.00284217$ & $-0.20406$ & $0.0526729$ & $0.137067$ & $0.082449$ & $-0.0949934$ & $0.00166427$ & $-0.185076$ & $-0.0623085$ & $0.012467$ \\
eHWWint & $0.119869$ & $0.11724$ & $0.130821$ & $0.0443005$ & $-0.000801043$ & $0.00043763$ & $-0.0280553$ & $0.0951053$ & $0.0659153$ & $0.0395914$ & $-0.147285$ & $-0.0391625$ & $0.0330838$ & $0.137107$ & $0.0351149$ & $0.093919$ & $0.0834175$ & $0.0766414$ & $0.0480736$ & $0.143248$ & $0.150508$ & $0.15816$ & $0.0909403$ & $9.82313e-05$ & $0.0513962$ & $-0.142881$ & $0.0453529$ & $0.136799$ & $0.0420368$ & $-0.0884729$ & $-0.0462252$ & $-0.0623765$ & $-0.127314$ & $0.0665277$ & $-0.0413744$ & $0.0836792$ & $1$ & $-0.153237$ & $0.0800731$ & $-0.0177327$ & $-0.155585$ & $-0.0164655$ & $-0.0252617$ & $-0.107215$ & $-0.113697$ & $-0.08627$ & $-0.00866025$ & $-0.0447309$ & $-0.033102$ \\
eHWWpar & $0.0340204$ & $-0.107137$ & $-0.0438993$ & $-0.150849$ & $0.0926142$ & $0.118474$ & $0.0449414$ & $-0.0902914$ & $-0.0821822$ & $-0.00598834$ & $0.135833$ & $-0.0100791$ & $0.0145273$ & $-0.132197$ & $-0.0779363$ & $-0.142256$ & $-0.0620269$ & $-0.0436779$ & $-0.00731061$ & $-0.133028$ & $-0.13029$ & $-0.137273$ & $0.0583481$ & $-0.00552643$ & $-0.0507582$ & $0.0424745$ & $-0.00401815$ & $-0.125354$ & $0.082922$ & $-0.00466339$ & $-0.069488$ & $0.0318925$ & $-0.0131556$ & $-0.0215339$ & $0.0494473$ & $0.071575$ & $-0.153237$ & $1$ & $0.0431789$ & $-0.000288938$ & $0.0182229$ & $0.0863847$ & $0.0324153$ & $0.0450853$ & $0.0230926$ & $-0.0137437$ & $-0.0642219$ & $-0.0302311$ & $0.03672$ \\
eHZZint & $-0.138244$ & $-0.00896568$ & $-0.0596752$ & $-0.00424229$ & $-0.115056$ & $-0.00992049$ & $-0.0534187$ & $-0.126425$ & $-0.145436$ & $0.0589667$ & $0.0734527$ & $-0.0051482$ & $-0.00165254$ & $0.013563$ & $-0.0842701$ & $0.0147542$ & $0.116856$ & $0.1409$ & $0.0722072$ & $-0.0757471$ & $-0.0817158$ & $-0.0726768$ & $0.0211519$ & $0.120151$ & $0.133637$ & $0.0514015$ & $-0.0313983$ & $-0.0515268$ & $0.022308$ & $-0.0159572$ & $0.00246144$ & $-0.0654418$ & $-0.0420782$ & $-0.0188221$ & $-0.0191438$ & $-0.0674383$ & $0.0800731$ & $0.0431789$ & $1$ & $0.168286$ & $-0.0113749$ & $0.00165313$ & $-0.00074302$ & $0.000854577$ & $-0.0248881$ & $-0.114353$ & $0.0768002$ & $-0.111365$ & $0.03418$ \\
eHZZpar & $-0.103622$ & $-0.00618456$ & $-0.0752912$ & $-0.0409284$ & $0.041828$ & $0.0127142$ & $-0.0624692$ & $-0.104546$ & $-0.118236$ & $0.08956$ & $0.0975857$ & $-0.0116974$ & $0.0209765$ & $-0.0384292$ & $-0.00896465$ & $-0.0300959$ & $0.0231352$ & $0.0150414$ & $0.0200969$ & $-0.0952498$ & $-0.10555$ & $-0.111989$ & $-0.0743825$ & $0.0425413$ & $0.0192203$ & $0.133359$ & $-0.0934201$ & $-0.0848591$ & $-0.0140424$ & $0.0497286$ & $-0.0165932$ & $-0.0287814$ & $0.0365941$ & $-0.077377$ & $0.0772191$ & $0.00284217$ & $-0.0177327$ & $-0.000288938$ & $0.168286$ & $1$ & $0.124774$ & $0.0638731$ & $-0.0875647$ & $0.0246064$ & $0.0116565$ & $0.0956257$ & $-0.0160827$ & $-0.0591862$ & $0.0172846$ \\
eHZgaint & $-0.0238245$ & $0.145126$ & $-0.144227$ & $0.0440159$ & $0.0230555$ & $-0.00763835$ & $0.00208593$ & $-0.118485$ & $-0.110818$ & $0.0439678$ & $0.0710064$ & $0.0262074$ & $-0.0239433$ & $0.0241182$ & $0.00350927$ & $-0.0270545$ & $0.0700441$ & $0.071764$ & $0.0837941$ & $-0.0647548$ & $-0.0837242$ & $-0.0867753$ & $-0.0861203$ & $0.0859909$ & $0.0249995$ & $0.0654897$ & $-0.183269$ & $-0.0708349$ & $-0.0189868$ & $0.0566982$ & $-0.032401$ & $-0.0280127$ & $0.0342818$ & $-0.105368$ & $0.000325749$ & $-0.20406$ & $-0.155585$ & $0.0182229$ & $-0.0113749$ & $0.124774$ & $1$ & $0.0160831$ & $0.0582095$ & $0.131819$ & $-0.0335843$ & $-0.0283851$ & $-0.0938564$ & $-0.103709$ & $0.0858058$ \\
eHZgapar & $-0.0984757$ & $-0.0497093$ & $-0.0466055$ & $0.00849158$ & $0.0730476$ & $0.0103522$ & $0.0198084$ & $-0.00682496$ & $-0.0130154$ & $0.0203099$ & $0.00962869$ & $-0.061869$ & $0.0649981$ & $-0.00480129$ & $0.00697392$ & $-0.0174607$ & $-0.00973503$ & $-0.0136247$ & $-0.00730196$ & $-0.0108938$ & $-0.0124944$ & $-0.0248333$ & $0.0105663$ & $-0.00625601$ & $-0.00647797$ & $-0.030399$ & $-0.0376093$ & $6.07406e-05$ & $0.081296$ & $0.0542047$ & $-0.0129422$ & $0.0564925$ & $0.0486675$ & $-0.0231152$ & $0.0356026$ & $0.0526729$ & $-0.0164655$ & $0.0863847$ & $0.00165313$ & $0.0638731$ & $0.0160831$ & $1$ & $-0.0145558$ & $-0.0841365$ & $0.0535297$ & $0.0729059$ & $-0.0212587$ & $0.00478515$ & $0.0539142$ \\
eHgagaint & $-0.086814$ & $-0.104646$ & $-0.194744$ & $-0.122409$ & $-0.0161536$ & $-0.0652045$ & $-0.0522575$ & $0.00679657$ & $0.0694837$ & $-0.0322701$ & $-0.0619334$ & $-0.0502145$ & $0.0454493$ & $0.079428$ & $0.100438$ & $-0.0123984$ & $0.110033$ & $0.0372447$ & $0.0939548$ & $0.053897$ & $0.0499245$ & $0.0402352$ & $0.0338279$ & $0.0639624$ & $0.0493624$ & $-0.0625423$ & $-0.0718134$ & $-0.0107078$ & $0.0221679$ & $0.0036037$ & $0.00994404$ & $-0.0173404$ & $0.0283625$ & $-0.0764522$ & $0.109258$ & $0.137067$ & $-0.0252617$ & $0.0324153$ & $-0.00074302$ & $-0.0875647$ & $0.0582095$ & $-0.0145558$ & $1$ & $0.136902$ & $-0.138583$ & $0.117961$ & $-0.100141$ & $-0.0689489$ & $0.00999038$ \\
eHmumuint & $0.072875$ & $-0.0453133$ & $-0.112112$ & $0.0700748$ & $-0.0763254$ & $0.0626767$ & $0.0149736$ & $-0.106222$ & $-0.0883617$ & $0.0439821$ & $0.0884086$ & $0.00535146$ & $-0.00746557$ & $0.0118147$ & $-0.0104461$ & $-0.151485$ & $0.0195919$ & $0.026584$ & $0.105948$ & $-0.0981186$ & $-0.0946323$ & $-0.107791$ & $-0.0034446$ & $0.0789425$ & $0.0330835$ & $0.046148$ & $-0.042176$ & $-0.0316169$ & $-0.069364$ & $0.0151942$ & $-0.0381538$ & $0.0419136$ & $0.030623$ & $-0.105946$ & $0.0467041$ & $0.082449$ & $-0.107215$ & $0.0450853$ & $0.000854577$ & $0.0246064$ & $0.131819$ & $-0.0841365$ & $0.136902$ & $1$ & $-0.0304617$ & $-0.0340557$ & $-0.0588591$ & $-0.0161792$ & $0.0692812$ \\
eHtautauint & $0.0424878$ & $0.0204476$ & $0.138761$ & $-0.0423853$ & $0.00227026$ & $0.0118211$ & $0.108921$ & $-0.035006$ & $-0.0518203$ & $-0.0359263$ & $0.0544279$ & $0.103924$ & $-0.109007$ & $-0.0458864$ & $-0.0469405$ & $-0.014554$ & $-0.0480236$ & $-0.016539$ & $-0.0197577$ & $-0.0513794$ & $-0.0538667$ & $-0.0346131$ & $-0.119361$ & $-0.0170347$ & $-0.0108946$ & $0.155614$ & $0.0290383$ & $-0.0534755$ & $0.0297091$ & $-0.04278$ & $-0.050763$ & $0.0201496$ & $-0.0901951$ & $-0.00585762$ & $-0.192336$ & $-0.0949934$ & $-0.113697$ & $0.0230926$ & $-0.0248881$ & $0.0116565$ & $-0.0335843$ & $0.0535297$ & $-0.138583$ & $-0.0304617$ & $1$ & $-0.030941$ & $0.161038$ & $0.150793$ & $0.0604312$ \\
eHccint & $-0.154933$ & $-0.0582839$ & $-0.093115$ & $0.0387352$ & $0.0154767$ & $0.0147753$ & $0.0104675$ & $0.0588397$ & $0.0742731$ & $-0.0378165$ & $0.0095679$ & $-0.101412$ & $0.104704$ & $-0.07554$ & $0.00730145$ & $-0.0268624$ & $-0.119122$ & $-0.120003$ & $-0.118515$ & $-0.0109816$ & $-0.0068374$ & $-0.0285973$ & $0.0790719$ & $-0.105902$ & $-0.0979452$ & $-0.0402401$ & $0.0232517$ & $0.0918211$ & $-0.0329787$ & $0.0598556$ & $0.126522$ & $0.0801068$ & $0.144241$ & $0.0403456$ & $0.114746$ & $0.00166427$ & $-0.08627$ & $-0.0137437$ & $-0.114353$ & $0.0956257$ & $-0.0283851$ & $0.0729059$ & $0.117961$ & $-0.0340557$ & $-0.030941$ & $1$ & $-0.124446$ & $0.0514112$ & $0.0601228$ \\
eHccpar & $0.0370498$ & $-0.00300576$ & $0.0740249$ & $-0.0920253$ & $0.0212105$ & $-0.0955113$ & $0.0677183$ & $0.0222434$ & $0.0201447$ & $0.136512$ & $-0.0313464$ & $0.0991837$ & $-0.0896361$ & $0.0334269$ & $-0.0636548$ & $0.0638656$ & $0.00168627$ & $0.0513983$ & $-0.0238093$ & $0.0263524$ & $0.0301867$ & $0.046189$ & $-0.0017959$ & $-0.0400199$ & $0.00826938$ & $-0.0131704$ & $0.0104918$ & $0.00286526$ & $-0.0666189$ & $-0.0411667$ & $0.286987$ & $0.0566868$ & $-0.0928607$ & $0.0657045$ & $-0.00371794$ & $-0.185076$ & $-0.00866025$ & $-0.0642219$ & $0.0768002$ & $-0.0160827$ & $-0.0938564$ & $-0.0212587$ & $-0.100141$ & $-0.0588591$ & $0.161038$ & $-0.124446$ & $1$ & $0.198394$ & $-0.060716$ \\
eHbbint & $0.10861$ & $-0.166161$ & $0.040253$ & $-0.188895$ & $0.0439586$ & $-0.0205532$ & $-0.0385872$ & $0.00382244$ & $0.0117393$ & $0.0423239$ & $0.0133495$ & $-0.0317666$ & $0.0372317$ & $-0.0532437$ & $-0.0304176$ & $0.00585342$ & $-0.00749828$ & $-0.0131584$ & $-0.0265513$ & $-0.0205823$ & $-0.0175085$ & $-0.00313633$ & $-0.00255745$ & $-0.0123363$ & $-0.0275621$ & $0.00281047$ & $0.0151938$ & $0.0667595$ & $-0.017567$ & $0.0371856$ & $0.0214539$ & $-0.0791108$ & $0.0911898$ & $0.0340598$ & $-0.0235812$ & $-0.0623085$ & $-0.0447309$ & $-0.0302311$ & $-0.111365$ & $-0.0591862$ & $-0.103709$ & $0.00478515$ & $-0.0689489$ & $-0.0161792$ & $0.150793$ & $0.0514112$ & $0.198394$ & $1$ & $-0.0109933$ \\
eHbbpar & $-0.101492$ & $0.0441712$ & $-0.0367116$ & $-0.109849$ & $-0.00646118$ & $0.000816647$ & $0.0247522$ & $-0.0208623$ & $-0.0359942$ & $-0.0453936$ & $0.0279819$ & $0.0860572$ & $-0.0916699$ & $0.0102456$ & $0.011217$ & $-0.0852723$ & $-0.0332489$ & $-0.0255094$ & $0.0433472$ & $-0.0225336$ & $-0.0239751$ & $-0.0219365$ & $0.00613112$ & $-0.0595006$ & $0.0267889$ & $0.0659581$ & $0.0244742$ & $-0.00816663$ & $-0.131127$ & $-0.0703561$ & $-0.051876$ & $0.020854$ & $0.341855$ & $-0.0522984$ & $-0.0834163$ & $0.012467$ & $-0.033102$ & $0.03672$ & $0.03418$ & $0.0172846$ & $0.0858058$ & $0.0539142$ & $0.00999038$ & $0.0692812$ & $0.0604312$ & $0.0601228$ & $-0.060716$ & $-0.0109933$ & $1$ \\
