 & AlsMz & dAle5Mz & mtop & mHl & Mz & CW & CHG & CHWB & CHWHB_gaga & CHWHB_gagaorth & CHD & CHbox & CH & CHL1_11 & CHL1_22 & CHL1_33 & CHL3_11 & CHL3_22 & CHL3_33 & CHe_11 & CHe_22 & CHe_33 & CHQ1_11 & CHQ1_33 & CHQ3_11 & CHu_11 & CHd_11 & CHd_33 & CeH_22r & CeH_33r & CuH_22r & CuH_33r & CdH_33r & CLL_1221 & eHggint & eHggpar & eHWWint & eHWWpar & eHZZint & eHZZpar & eHZgaint & eHZgapar & eHgagaint & eHmumuint & eHtautauint & eHccint & eHccpar & eHbbint & eHbbpar \\
AlsMz & $1$ & $0.00906447$ & $0.016393$ & $-0.0374794$ & $-0.00131876$ & $-0.015149$ & $0.0352893$ & $-0.00202211$ & $-0.00160934$ & $0.0274829$ & $-0.0154035$ & $-0.0184885$ & $-0.0461765$ & $0.0107347$ & $-0.022631$ & $-0.000133378$ & $0.022584$ & $0.0309579$ & $0.011969$ & $0.00642057$ & $0.00747812$ & $0.0106557$ & $-0.0039614$ & $-0.0564568$ & $-0.0882025$ & $-0.0481712$ & $-0.0233731$ & $0.0463431$ & $-0.00063416$ & $-0.0245851$ & $-0.0208101$ & $0.0311206$ & $-0.00577983$ & $0.0208045$ & $0.0595742$ & $-0.0361876$ & $0.0882578$ & $-0.00547319$ & $0.0360125$ & $0.00164488$ & $0.00256367$ & $-0.0274827$ & $0.0282235$ & $0.0498574$ & $0.0502503$ & $0.027145$ & $-0.0158925$ & $0.0521384$ & $0.0527168$ \\
dAle5Mz & $0.00906447$ & $1$ & $-0.0254189$ & $-0.0703114$ & $-0.0243218$ & $0.0181645$ & $0.0261395$ & $-0.0799846$ & $-0.0830416$ & $0.016408$ & $0.0776661$ & $0.0106107$ & $-0.0124223$ & $-0.0568765$ & $-0.0196023$ & $-0.0213002$ & $-0.00655047$ & $-0.0152716$ & $-0.0127598$ & $-0.0533561$ & $-0.0497004$ & $-0.0481654$ & $-0.0266922$ & $0.00789417$ & $-0.00412143$ & $0.0578353$ & $0.00962282$ & $-0.0264767$ & $0.00732991$ & $-0.0031834$ & $-0.0209072$ & $0.0274919$ & $0.0229789$ & $0.0261983$ & $0.0311922$ & $-0.0192473$ & $-0.0697887$ & $-0.010785$ & $-0.0397305$ & $0.0155829$ & $0.0381491$ & $-0.00306813$ & $-0.0705373$ & $-0.0619634$ & $-0.0864866$ & $-0.00563891$ & $-0.0237402$ & $-0.0835642$ & $0.0876334$ \\
mtop & $0.016393$ & $-0.0254189$ & $1$ & $-0.0106087$ & $0.0179779$ & $-0.015333$ & $-0.0144692$ & $0.00985126$ & $0.00713524$ & $-0.00557085$ & $0.00647115$ & $-0.0138861$ & $-0.0124928$ & $-0.0107334$ & $0.00769003$ & $0.00656953$ & $-0.0138134$ & $-0.0181932$ & $-0.0179135$ & $0.000805741$ & $-1.64397e-06$ & $-0.00163068$ & $0.0228126$ & $-0.0189942$ & $-0.0203197$ & $-0.0293835$ & $-0.0121439$ & $0.0117157$ & $-0.0102799$ & $-0.0196067$ & $-0.00634332$ & $-0.023674$ & $-0.0319387$ & $0.00206057$ & $0.00155881$ & $-0.0434747$ & $0.0437724$ & $0.0467723$ & $-0.0256677$ & $-0.0231867$ & $-0.033464$ & $0.0197664$ & $0.0047351$ & $-0.00443712$ & $-0.068456$ & $0.0738512$ & $0.0220012$ & $0.0782317$ & $-0.0427756$ \\
mHl & $-0.0374794$ & $-0.0703114$ & $-0.0106087$ & $1$ & $0.0114839$ & $0.00173162$ & $-0.00793892$ & $-0.0101186$ & $-0.00398922$ & $0.00661547$ & $-0.00661471$ & $0.00520335$ & $-0.00144454$ & $0.031135$ & $0.0258397$ & $0.0118238$ & $0.0274706$ & $0.0144279$ & $0.0249973$ & $0.0071986$ & $0.00253224$ & $-0.00327163$ & $-0.0118425$ & $0.0349686$ & $0.0122808$ & $-0.0117793$ & $-0.0401073$ & $-0.018377$ & $-0.028135$ & $0.0229703$ & $-0.0134139$ & $0.00200963$ & $0.0256181$ & $-0.037132$ & $0.045462$ & $0.00336607$ & $-0.0468277$ & $0.00469978$ & $-0.0593879$ & $-0.0134002$ & $-0.00965584$ & $-0.00537191$ & $0.0538912$ & $0.0670592$ & $-0.043331$ & $-0.0781829$ & $-0.0251425$ & $-0.0628949$ & $0.0245576$ \\
Mz & $-0.00131876$ & $-0.0243218$ & $0.0179779$ & $0.0114839$ & $1$ & $0.00598703$ & $0.00607658$ & $-0.0287602$ & $-0.0286431$ & $0.0391256$ & $0.0238837$ & $0.00302111$ & $-0.00705124$ & $0.025839$ & $-0.00207631$ & $-0.00194405$ & $0.0201611$ & $0.0263826$ & $0.0291317$ & $-0.0153724$ & $-0.016981$ & $-0.0120744$ & $-0.00738403$ & $0.0342878$ & $0.0191125$ & $0.00548195$ & $-0.0236017$ & $0.00196668$ & $0.000411735$ & $-0.00272899$ & $0.0026101$ & $0.00165129$ & $-0.0056038$ & $-0.0273184$ & $-0.0170107$ & $-0.0295671$ & $-0.000991211$ & $0.00607923$ & $-0.00519729$ & $0.0266735$ & $-0.00504084$ & $-0.0170576$ & $0.00108238$ & $0.00016601$ & $-0.00208752$ & $0.00574493$ & $0.0190247$ & $-0.0108462$ & $-0.00228093$ \\
CW & $-0.015149$ & $0.0181645$ & $-0.015333$ & $0.00173162$ & $0.00598703$ & $1$ & $0.0150736$ & $-0.122074$ & $-0.122106$ & $0.011278$ & $0.185187$ & $-0.00248521$ & $-0.0245981$ & $0.0215202$ & $-0.0677527$ & $-0.0930627$ & $-0.254914$ & $-0.0598591$ & $-0.0423671$ & $-0.181032$ & $-0.187862$ & $-0.189881$ & $-0.00545853$ & $0.00472863$ & $-0.0763998$ & $0.106294$ & $-0.0622261$ & $-0.0584712$ & $0.00674136$ & $-0.0247297$ & $-0.00848444$ & $0.0103984$ & $-0.0330444$ & $-0.132672$ & $0.000483121$ & $-0.00384609$ & $0.00786323$ & $-0.00962305$ & $0.014233$ & $-0.00921621$ & $-0.00823608$ & $-0.0045363$ & $0.00501021$ & $-0.0248238$ & $-0.00494615$ & $-0.0160881$ & $0.00803699$ & $-0.00582236$ & $-0.0133575$ \\
CHG & $0.0352893$ & $0.0261395$ & $-0.0144692$ & $-0.00793892$ & $0.00607658$ & $0.0150736$ & $1$ & $-0.0940475$ & $-0.0378764$ & $0.112709$ & $0.0780077$ & $-0.315777$ & $-0.435749$ & $0.00320723$ & $-0.0390765$ & $-0.0376831$ & $0.0309611$ & $0.0537887$ & $0.052275$ & $-0.0762743$ & $-0.0780054$ & $-0.0786973$ & $0.011809$ & $0.0554741$ & $0.0367547$ & $0.0301474$ & $-0.0400243$ & $-0.0335816$ & $-0.00687427$ & $-0.199522$ & $-0.121053$ & $0.943053$ & $-0.233191$ & $-0.0415279$ & $-0.0322146$ & $-0.0314755$ & $0.0257796$ & $-0.00571762$ & $0.00322533$ & $-0.00507156$ & $-0.0386048$ & $-0.0144677$ & $-0.0210835$ & $-0.00547828$ & $0.00379989$ & $-0.0172107$ & $-0.0436633$ & $-0.0302462$ & $-0.000535182$ \\
CHWB & $-0.00202211$ & $-0.0799846$ & $0.00985126$ & $-0.0101186$ & $-0.0287602$ & $-0.122074$ & $-0.0940475$ & $1$ & $0.980814$ & $-0.541781$ & $-0.860627$ & $0.0269095$ & $0.186858$ & $0.0479395$ & $0.293636$ & $0.282726$ & $-0.263705$ & $-0.445911$ & $-0.441258$ & $0.832397$ & $0.87951$ & $0.86213$ & $0.0650941$ & $-0.675917$ & $-0.417344$ & $-0.487414$ & $0.417043$ & $0.283643$ & $0.0301041$ & $0.0846482$ & $0.0589571$ & $-0.0915463$ & $0.0772034$ & $0.564159$ & $-0.00978606$ & $-0.0151834$ & $-0.012944$ & $0.00299188$ & $0.013467$ & $-0.0160855$ & $0.0396939$ & $-0.0120245$ & $-0.0125334$ & $-0.00136402$ & $0.0158259$ & $-0.00627368$ & $0.0396331$ & $0.0367201$ & $-0.00807641$ \\
CHWHB_gaga & $-0.00160934$ & $-0.0830416$ & $0.00713524$ & $-0.00398922$ & $-0.0286431$ & $-0.122106$ & $-0.0378764$ & $0.980814$ & $1$ & $-0.533008$ & $-0.843907$ & $0.0370865$ & $0.171238$ & $0.0475003$ & $0.289627$ & $0.278645$ & $-0.260133$ & $-0.438537$ & $-0.433138$ & $0.816412$ & $0.862008$ & $0.845647$ & $0.0673471$ & $-0.662327$ & $-0.411335$ & $-0.480357$ & $0.406613$ & $0.277212$ & $0.0396858$ & $0.103403$ & $0.0712841$ & $-0.0439503$ & $0.0972509$ & $0.551101$ & $-0.0290762$ & $-0.0229739$ & $-0.0170487$ & $-0.00118717$ & $0.005259$ & $-0.0166726$ & $0.0341301$ & $-0.012601$ & $0.0630118$ & $0.0119207$ & $0.0215246$ & $-0.00507986$ & $0.0390797$ & $0.034451$ & $-0.00700089$ \\
CHWHB_gagaorth & $0.0274829$ & $0.016408$ & $-0.00557085$ & $0.00661547$ & $0.0391256$ & $0.011278$ & $0.112709$ & $-0.541781$ & $-0.533008$ & $1$ & $0.359499$ & $0.108004$ & $-0.222686$ & $0.165085$ & $-0.115571$ & $-0.125899$ & $0.347407$ & $0.400671$ & $0.408273$ & $-0.346303$ & $-0.375463$ & $-0.367651$ & $-0.0492215$ & $0.488738$ & $0.395302$ & $0.207788$ & $-0.222895$ & $-0.104282$ & $-0.0303407$ & $-0.187793$ & $-0.0980962$ & $0.114269$ & $-0.192278$ & $-0.334852$ & $0.041828$ & $0.0231388$ & $-0.0146005$ & $0.0126829$ & $0.00787478$ & $0.0187267$ & $-0.0479792$ & $0.00664007$ & $0.0019646$ & $0.00467078$ & $0.00876617$ & $0.00680874$ & $-0.0435671$ & $-0.0213465$ & $0.00387957$ \\
CHD & $-0.0154035$ & $0.0776661$ & $0.00647115$ & $-0.00661471$ & $0.0238837$ & $0.185187$ & $0.0780077$ & $-0.860627$ & $-0.843907$ & $0.359499$ & $1$ & $0.0215661$ & $-0.148506$ & $-0.504119$ & $-0.420658$ & $-0.40941$ & $-0.230426$ & $0.0362203$ & $0.034848$ & $-0.990039$ & $-0.990748$ & $-0.969011$ & $-0.00532518$ & $0.274946$ & $-0.00143137$ & $0.556099$ & $-0.27627$ & $-0.331561$ & $-0.0216308$ & $-0.0916523$ & $-0.053605$ & $0.0792194$ & $-0.0870868$ & $-0.352199$ & $0.0102902$ & $0.0171331$ & $0.0119354$ & $0.00598278$ & $-0.0152358$ & $0.0180725$ & $-0.0113859$ & $0.00609616$ & $0.0173608$ & $-0.0124846$ & $-0.0144406$ & $-0.00401008$ & $-0.0236557$ & $-0.0359332$ & $0.00835214$ \\
CHbox & $-0.0184885$ & $0.0106107$ & $-0.0138861$ & $0.00520335$ & $0.00302111$ & $-0.00248521$ & $-0.315777$ & $0.0269095$ & $0.0370865$ & $0.108004$ & $0.0215661$ & $1$ & $0.760036$ & $-0.0927349$ & $0.039352$ & $0.0244773$ & $-0.0940502$ & $-0.109752$ & $-0.0967407$ & $-0.0128839$ & $-0.0235209$ & $-0.0209271$ & $0.000981352$ & $-0.0673549$ & $-0.0853729$ & $0.0226186$ & $-0.00706954$ & $-0.0107702$ & $0.072815$ & $0.455018$ & $0.187494$ & $-0.223909$ & $0.507305$ & $-0.0123713$ & $0.0981847$ & $0.0354378$ & $-0.0396364$ & $0.01156$ & $-0.000907922$ & $-0.0215521$ & $0.0143522$ & $0.000176335$ & $0.00399349$ & $0.0135059$ & $0.0072717$ & $-0.00249087$ & $0.0317849$ & $-0.0315077$ & $0.0139979$ \\
CH & $-0.0461765$ & $-0.0124223$ & $-0.0124928$ & $-0.00144454$ & $-0.00705124$ & $-0.0245981$ & $-0.435749$ & $0.186858$ & $0.171238$ & $-0.222686$ & $-0.148506$ & $0.760036$ & $1$ & $-0.0160694$ & $0.0662708$ & $0.0560391$ & $-0.0720253$ & $-0.112722$ & $-0.103285$ & $0.144974$ & $0.151792$ & $0.14918$ & $0.00271036$ & $-0.138278$ & $-0.0883147$ & $-0.0617818$ & $0.0825254$ & $0.0415847$ & $0.0620945$ & $0.38466$ & $0.187189$ & $-0.396977$ & $0.425598$ & $0.0948725$ & $0.000753723$ & $0.0120113$ & $-0.031345$ & $-0.000799061$ & $0.0087207$ & $-0.0184806$ & $0.0298705$ & $-0.0064626$ & $-0.00756165$ & $0.0160273$ & $0.0159415$ & $0.00478463$ & $0.046228$ & $-0.000362859$ & $0.00152056$ \\
CHL1_11 & $0.0107347$ & $-0.0568765$ & $-0.0107334$ & $0.031135$ & $0.025839$ & $0.0215202$ & $0.00320723$ & $0.0479395$ & $0.0475003$ & $0.165085$ & $-0.504119$ & $-0.0927349$ & $-0.0160694$ & $1$ & $0.264468$ & $0.249042$ & $0.698461$ & $0.639933$ & $0.644954$ & $0.519805$ & $0.463246$ & $0.448154$ & $-0.0766664$ & $0.521206$ & $0.639824$ & $-0.27382$ & $-0.112809$ & $0.171432$ & $-0.00950236$ & $0.0435332$ & $0.0117205$ & $-0.00215611$ & $0.0455653$ & $-0.243526$ & $-0.00568036$ & $-0.015448$ & $-0.00201214$ & $-0.0163855$ & $0.0120374$ & $-0.0099021$ & $-0.0464468$ & $0.00304257$ & $-0.00556694$ & $0.0247943$ & $0.00911977$ & $0.00763856$ & $-0.0192437$ & $0.0145382$ & $-0.00990219$ \\
CHL1_22 & $-0.022631$ & $-0.0196023$ & $0.00769003$ & $0.0258397$ & $-0.00207631$ & $-0.0677527$ & $-0.0390765$ & $0.293636$ & $0.289627$ & $-0.115571$ & $-0.420658$ & $0.039352$ & $0.0662708$ & $0.264468$ & $1$ & $0.464511$ & $0.150237$ & $-0.416161$ & $-0.0431192$ & $0.488226$ & $0.33419$ & $0.325393$ & $-0.186804$ & $0.1112$ & $-0.127773$ & $-0.190371$ & $-0.40686$ & $0.106124$ & $0.0241066$ & $0.0387798$ & $0.036542$ & $-0.0377489$ & $0.0478822$ & $-0.591739$ & $0.0064433$ & $-0.007532$ & $-0.0215441$ & $-0.00816691$ & $0.00912271$ & $0.00388774$ & $-0.0247376$ & $0.00855713$ & $0.00151616$ & $0.0172287$ & $0.0106448$ & $-0.00306357$ & $0.000678317$ & $-0.00326125$ & $0.00145358$ \\
CHL1_33 & $-0.000133378$ & $-0.0213002$ & $0.00656953$ & $0.0118238$ & $-0.00194405$ & $-0.0930627$ & $-0.0376831$ & $0.282726$ & $0.278645$ & $-0.125899$ & $-0.40941$ & $0.0244773$ & $0.0560391$ & $0.249042$ & $0.464511$ & $1$ & $0.162588$ & $-0.0293185$ & $-0.407936$ & $0.477067$ & $0.327919$ & $0.346164$ & $-0.170776$ & $0.10333$ & $-0.116816$ & $-0.191033$ & $-0.39976$ & $0.114009$ & $0.0125162$ & $0.042899$ & $0.00050628$ & $-0.0366314$ & $0.0384742$ & $-0.119647$ & $0.0300411$ & $-0.000999143$ & $0.00552992$ & $-0.0201585$ & $0.00631283$ & $-0.0184446$ & $-0.002865$ & $0.00395972$ & $0.00929124$ & $-0.00684035$ & $-0.0019601$ & $-0.00172884$ & $-0.0323715$ & $0.00317754$ & $0.0276108$ \\
CHL3_11 & $0.022584$ & $-0.00655047$ & $-0.0138134$ & $0.0274706$ & $0.0201611$ & $-0.254914$ & $0.0309611$ & $-0.263705$ & $-0.260133$ & $0.347407$ & $-0.230426$ & $-0.0940502$ & $-0.0720253$ & $0.698461$ & $0.150237$ & $0.162588$ & $1$ & $0.77262$ & $0.759685$ & $0.24912$ & $0.197008$ & $0.189791$ & $-0.0791179$ & $0.701545$ & $0.797351$ & $-0.117383$ & $-0.167218$ & $0.0856478$ & $-0.0193978$ & $0.0096112$ & $-0.0113269$ & $0.0231478$ & $0.010629$ & $-0.258639$ & $-0.00856399$ & $-0.000301818$ & $0.00239903$ & $-0.013867$ & $0.000291215$ & $0.00589515$ & $-0.0467907$ & $0.011943$ & $-0.0135448$ & $0.0237325$ & $-0.00371598$ & $0.0272733$ & $-0.0224673$ & $0.000532135$ & $-0.00563365$ \\
CHL3_22 & $0.0309579$ & $-0.0152716$ & $-0.0181932$ & $0.0144279$ & $0.0263826$ & $-0.0598591$ & $0.0537887$ & $-0.445911$ & $-0.438537$ & $0.400671$ & $0.0362203$ & $-0.109752$ & $-0.112722$ & $0.639933$ & $-0.416161$ & $-0.0293185$ & $0.77262$ & $1$ & $0.720503$ & $-0.0414275$ & $-0.0333222$ & $-0.0328788$ & $0.00785799$ & $0.651574$ & $0.817903$ & $0.00693088$ & $-0.0164656$ & $0.0121883$ & $-0.0308508$ & $-0.0123473$ & $-0.0328851$ & $0.0464112$ & $-0.0152192$ & $-0.00266157$ & $-0.0063208$ & $0.00148205$ & $0.0183072$ & $-0.0103257$ & $-0.00194581$ & $-0.00572187$ & $-0.0356115$ & $0.00527118$ & $-0.00735602$ & $0.0130525$ & $-0.00898854$ & $0.0200711$ & $-0.0299686$ & $0.00248553$ & $-0.00352476$ \\
CHL3_33 & $0.011969$ & $-0.0127598$ & $-0.0179135$ & $0.0249973$ & $0.0291317$ & $-0.0423671$ & $0.052275$ & $-0.441258$ & $-0.433138$ & $0.408273$ & $0.034848$ & $-0.0967407$ & $-0.103285$ & $0.644954$ & $-0.0431192$ & $-0.407936$ & $0.759685$ & $0.720503$ & $1$ & $-0.0416282$ & $-0.032483$ & $-0.030903$ & $-9.136e-05$ & $0.651716$ & $0.815165$ & $0.0124209$ & $-0.00729414$ & $0.00365489$ & $-0.0227193$ & $-0.0143052$ & $-0.00938329$ & $0.0463075$ & $-0.00490522$ & $-0.337562$ & $-0.0200884$ & $-0.00301663$ & $-0.00629932$ & $-0.00184004$ & $-0.00085473$ & $0.0116833$ & $-0.0587224$ & $0.0103462$ & $-0.00978119$ & $0.0266882$ & $0.00336645$ & $0.0153904$ & $-0.00632139$ & $-0.00478166$ & $-0.0190689$ \\
CHe_11 & $0.00642057$ & $-0.0533561$ & $0.000805741$ & $0.0071986$ & $-0.0153724$ & $-0.181032$ & $-0.0762743$ & $0.832397$ & $0.816412$ & $-0.346303$ & $-0.990039$ & $-0.0128839$ & $0.144974$ & $0.519805$ & $0.488226$ & $0.477067$ & $0.24912$ & $-0.0414275$ & $-0.0416282$ & $1$ & $0.9718$ & $0.950964$ & $-0.0195904$ & $-0.22381$ & $0.00500645$ & $-0.546818$ & $0.199804$ & $0.325493$ & $0.0244355$ & $0.09071$ & $0.0537652$ & $-0.0770252$ & $0.0878575$ & $0.272805$ & $-0.00758162$ & $-0.0170142$ & $-0.0146874$ & $-0.00739666$ & $0.0139364$ & $-0.0197215$ & $0.0100466$ & $-0.00404661$ & $-0.01937$ & $0.0112591$ & $0.0102271$ & $0.00450468$ & $0.0207419$ & $0.0315126$ & $-0.00390387$ \\
CHe_22 & $0.00747812$ & $-0.0497004$ & $-1.64397e-06$ & $0.00253224$ & $-0.016981$ & $-0.187862$ & $-0.0780054$ & $0.87951$ & $0.862008$ & $-0.375463$ & $-0.990748$ & $-0.0235209$ & $0.151792$ & $0.463246$ & $0.33419$ & $0.327919$ & $0.197008$ & $-0.0333222$ & $-0.032483$ & $0.9718$ & $1$ & $0.97447$ & $0.0341074$ & $-0.330967$ & $-0.00601382$ & $-0.557475$ & $0.360097$ & $0.33233$ & $0.0209717$ & $0.0915906$ & $0.0539708$ & $-0.0786755$ & $0.0872707$ & $0.442415$ & $-0.0124541$ & $-0.0197236$ & $-0.0147133$ & $-0.00396318$ & $0.0149343$ & $-0.0170427$ & $0.0175804$ & $-0.00794789$ & $-0.020523$ & $0.00786525$ & $0.0124754$ & $0.00449762$ & $0.0276111$ & $0.0355448$ & $-0.00669977$ \\
CHe_33 & $0.0106557$ & $-0.0481654$ & $-0.00163068$ & $-0.00327163$ & $-0.0120744$ & $-0.189881$ & $-0.0786973$ & $0.86213$ & $0.845647$ & $-0.367651$ & $-0.969011$ & $-0.0209271$ & $0.14918$ & $0.448154$ & $0.325393$ & $0.346164$ & $0.189791$ & $-0.0328788$ & $-0.030903$ & $0.950964$ & $0.97447$ & $1$ & $0.0361066$ & $-0.327574$ & $-0.00751575$ & $-0.546826$ & $0.353454$ & $0.322346$ & $0.0200859$ & $0.0845903$ & $0.0536528$ & $-0.0782714$ & $0.0846439$ & $0.438396$ & $-0.0054496$ & $-0.0190028$ & $-0.0189415$ & $-0.00192735$ & $0.0135997$ & $-0.0125445$ & $0.0088385$ & $-0.0073855$ & $-0.016504$ & $0.00863975$ & $0.0103132$ & $-0.00016613$ & $0.0279273$ & $0.0310105$ & $-0.00726908$ \\
CHQ1_11 & $-0.0039614$ & $-0.0266922$ & $0.0228126$ & $-0.0118425$ & $-0.00738403$ & $-0.00545853$ & $0.011809$ & $0.0650941$ & $0.0673471$ & $-0.0492215$ & $-0.00532518$ & $0.000981352$ & $0.00271036$ & $-0.0766664$ & $-0.186804$ & $-0.170776$ & $-0.0791179$ & $0.00785799$ & $-9.136e-05$ & $-0.0195904$ & $0.0341074$ & $0.0361066$ & $1$ & $-0.138061$ & $0.0696476$ & $-0.676802$ & $0.339063$ & $0.0247861$ & $0.0121873$ & $0.0112952$ & $0.0182143$ & $0.0100152$ & $0.0184908$ & $0.205648$ & $-0.0206569$ & $-0.0140842$ & $-0.000627803$ & $0.00309196$ & $0.00182728$ & $0.00299428$ & $0.0017396$ & $0.00355503$ & $0.0084327$ & $-0.00558074$ & $-0.00110231$ & $-0.00245494$ & $0.0264925$ & $0.0245714$ & $0.00404666$ \\
CHQ1_33 & $-0.0564568$ & $0.00789417$ & $-0.0189942$ & $0.0349686$ & $0.0342878$ & $0.00472863$ & $0.0554741$ & $-0.675917$ & $-0.662327$ & $0.488738$ & $0.274946$ & $-0.0673549$ & $-0.138278$ & $0.521206$ & $0.1112$ & $0.10333$ & $0.701545$ & $0.651574$ & $0.651716$ & $-0.22381$ & $-0.330967$ & $-0.327574$ & $-0.138061$ & $1$ & $0.670897$ & $0.178316$ & $-0.421238$ & $-0.00232589$ & $-0.0309721$ & $-0.0462435$ & $-0.0409533$ & $0.0463137$ & $-0.0400507$ & $-0.636302$ & $-0.00309201$ & $0.0116455$ & $0.00575731$ & $-0.0102623$ & $-0.00629591$ & $-0.000997901$ & $-0.0685375$ & $0.0164182$ & $0.00391097$ & $0.0150076$ & $-0.0195312$ & $0.0158445$ & $-0.034832$ & $-0.022523$ & $-0.00561583$ \\
CHQ3_11 & $-0.0882025$ & $-0.00412143$ & $-0.0203197$ & $0.0122808$ & $0.0191125$ & $-0.0763998$ & $0.0367547$ & $-0.417344$ & $-0.411335$ & $0.395302$ & $-0.00143137$ & $-0.0853729$ & $-0.0883147$ & $0.639824$ & $-0.127773$ & $-0.116816$ & $0.797351$ & $0.817903$ & $0.815165$ & $0.00500645$ & $-0.00601382$ & $-0.00751575$ & $0.0696476$ & $0.670897$ & $1$ & $0.000361032$ & $0.183149$ & $0.00731855$ & $-0.0233256$ & $0.000405837$ & $-0.0124098$ & $0.0331989$ & $-0.0030202$ & $-0.216769$ & $-0.0193499$ & $0.00886217$ & $-0.00516717$ & $-0.0136076$ & $-0.0113681$ & $0.00973469$ & $-0.0532179$ & $0.00818466$ & $-0.0079118$ & $0.0070378$ & $-0.0127689$ & $0.0113821$ & $-0.00679492$ & $-0.0187378$ & $-0.016189$ \\
CHu_11 & $-0.0481712$ & $0.0578353$ & $-0.0293835$ & $-0.0117793$ & $0.00548195$ & $0.106294$ & $0.0301474$ & $-0.487414$ & $-0.480357$ & $0.207788$ & $0.556099$ & $0.0226186$ & $-0.0617818$ & $-0.27382$ & $-0.190371$ & $-0.191033$ & $-0.117383$ & $0.00693088$ & $0.0124209$ & $-0.546818$ & $-0.557475$ & $-0.546826$ & $-0.676802$ & $0.178316$ & $0.000361032$ & $1$ & $-0.156681$ & $-0.204699$ & $-0.0205304$ & $-0.0439459$ & $-0.0269995$ & $0.0334804$ & $-0.0466357$ & $-0.237271$ & $-0.00436008$ & $0.0304007$ & $0.00441812$ & $-0.0018583$ & $-0.0215827$ & $0.0096142$ & $-0.00546493$ & $0.00478139$ & $-0.00577385$ & $-0.0173922$ & $-0.00952351$ & $-0.00351075$ & $-0.01444$ & $-0.0392991$ & $0.00750335$ \\
CHd_11 & $-0.0233731$ & $0.00962282$ & $-0.0121439$ & $-0.0401073$ & $-0.0236017$ & $-0.0622261$ & $-0.0400243$ & $0.417043$ & $0.406613$ & $-0.222895$ & $-0.27627$ & $-0.00706954$ & $0.0825254$ & $-0.112809$ & $-0.40686$ & $-0.39976$ & $-0.167218$ & $-0.0164656$ & $-0.00729414$ & $0.199804$ & $0.360097$ & $0.353454$ & $0.339063$ & $-0.421238$ & $0.183149$ & $-0.156681$ & $1$ & $0.0929121$ & $0.00206727$ & $0.0350045$ & $0.0301893$ & $-0.0380439$ & $0.0243925$ & $0.68518$ & $-0.0332701$ & $0.00385018$ & $-0.0103031$ & $0.00384474$ & $-0.0131841$ & $0.00288949$ & $0.0212985$ & $-0.0126127$ & $-0.0162056$ & $-0.0208369$ & $-0.00638691$ & $-0.00591617$ & $0.0576923$ & $0.00657055$ & $-0.0157252$ \\
CHd_33 & $0.0463431$ & $-0.0264767$ & $0.0117157$ & $-0.018377$ & $0.00196668$ & $-0.0584712$ & $-0.0335816$ & $0.283643$ & $0.277212$ & $-0.104282$ & $-0.331561$ & $-0.0107702$ & $0.0415847$ & $0.171432$ & $0.106124$ & $0.114009$ & $0.0856478$ & $0.0121883$ & $0.00365489$ & $0.325493$ & $0.33233$ & $0.322346$ & $0.0247861$ & $-0.00232589$ & $0.00731855$ & $-0.204699$ & $0.0929121$ & $1$ & $-0.00665723$ & $0.0295206$ & $0.00587321$ & $-0.0358724$ & $0.0222267$ & $0.144354$ & $-0.0122538$ & $-0.00612933$ & $0.000361686$ & $0.00914771$ & $0.020868$ & $0.00804575$ & $-0.0275041$ & $-0.0157181$ & $-0.0166551$ & $0.0172571$ & $-0.00773244$ & $0.0150785$ & $0.0069247$ & $-0.00170248$ & $-0.019776$ \\
CeH_22r & $-0.00063416$ & $0.00732991$ & $-0.0102799$ & $-0.028135$ & $0.000411735$ & $0.00674136$ & $-0.00687427$ & $0.0301041$ & $0.0396858$ & $-0.0303407$ & $-0.0216308$ & $0.072815$ & $0.0620945$ & $-0.00950236$ & $0.0241066$ & $0.0125162$ & $-0.0193978$ & $-0.0308508$ & $-0.0227193$ & $0.0244355$ & $0.0209717$ & $0.0200859$ & $0.0121873$ & $-0.0309721$ & $-0.0233256$ & $-0.0205304$ & $0.00206727$ & $-0.00665723$ & $1$ & $0.0716774$ & $0.0327154$ & $-0.0182023$ & $0.0586512$ & $0.00378195$ & $-0.0420343$ & $-0.00459919$ & $-0.0403096$ & $-0.0194187$ & $0.0254077$ & $-0.00253616$ & $0.0143975$ & $-0.00242315$ & $0.017063$ & $0.0334171$ & $0.0134526$ & $0.0145583$ & $0.00236058$ & $-0.0110413$ & $-0.00696717$ \\
CeH_33r & $-0.0245851$ & $-0.0031834$ & $-0.0196067$ & $0.0229703$ & $-0.00272899$ & $-0.0247297$ & $-0.199522$ & $0.0846482$ & $0.103403$ & $-0.187793$ & $-0.0916523$ & $0.455018$ & $0.38466$ & $0.0435332$ & $0.0387798$ & $0.042899$ & $0.0096112$ & $-0.0123473$ & $-0.0143052$ & $0.09071$ & $0.0915906$ & $0.0845903$ & $0.0112952$ & $-0.0462435$ & $0.000405837$ & $-0.0439459$ & $0.0350045$ & $0.0295206$ & $0.0716774$ & $1$ & $0.346692$ & $-0.0553468$ & $0.683169$ & $0.0366211$ & $-0.0574547$ & $-0.0147609$ & $-0.201526$ & $-0.036222$ & $-0.00719358$ & $-0.00653219$ & $0.0272609$ & $-0.0117392$ & $-0.00532592$ & $0.0203539$ & $0.0795384$ & $-0.0169827$ & $0.0182752$ & $-0.031336$ & $0.00246019$ \\
CuH_22r & $-0.0208101$ & $-0.0209072$ & $-0.00634332$ & $-0.0134139$ & $0.0026101$ & $-0.00848444$ & $-0.121053$ & $0.0589571$ & $0.0712841$ & $-0.0980962$ & $-0.053605$ & $0.187494$ & $0.187189$ & $0.0117205$ & $0.036542$ & $0.00050628$ & $-0.0113269$ & $-0.0328851$ & $-0.00938329$ & $0.0537652$ & $0.0539708$ & $0.0536528$ & $0.0182143$ & $-0.0409533$ & $-0.0124098$ & $-0.0269995$ & $0.0301893$ & $0.00587321$ & $0.0327154$ & $0.346692$ & $1$ & $-0.0335195$ & $0.386099$ & $0.0144721$ & $-0.0107738$ & $-0.00923545$ & $-0.0780566$ & $-0.00514354$ & $-0.0387134$ & $-0.00345972$ & $0.0601417$ & $0.000467627$ & $0.0129993$ & $-0.00854978$ & $-0.00740108$ & $0.0661117$ & $0.397042$ & $0.0348823$ & $0.0171271$ \\
CuH_33r & $0.0311206$ & $0.0274919$ & $-0.023674$ & $0.00200963$ & $0.00165129$ & $0.0103984$ & $0.943053$ & $-0.0915463$ & $-0.0439503$ & $0.114269$ & $0.0792194$ & $-0.223909$ & $-0.396977$ & $-0.00215611$ & $-0.0377489$ & $-0.0366314$ & $0.0231478$ & $0.0464112$ & $0.0463075$ & $-0.0770252$ & $-0.0786755$ & $-0.0782714$ & $0.0100152$ & $0.0463137$ & $0.0331989$ & $0.0334804$ & $-0.0380439$ & $-0.0358724$ & $-0.0182023$ & $-0.0553468$ & $-0.0335195$ & $1$ & $-0.0657098$ & $-0.0413646$ & $0.0520694$ & $0.005004$ & $-0.0086494$ & $-0.00857645$ & $0.0101294$ & $-0.00458213$ & $-0.0355108$ & $-0.00989956$ & $-0.0225195$ & $-0.00971148$ & $0.00360778$ & $-0.0252809$ & $-0.0364834$ & $-0.046212$ & $0.00997882$ \\
CdH_33r & $-0.00577983$ & $0.0229789$ & $-0.0319387$ & $0.0256181$ & $-0.0056038$ & $-0.0330444$ & $-0.233191$ & $0.0772034$ & $0.0972509$ & $-0.192278$ & $-0.0870868$ & $0.507305$ & $0.425598$ & $0.0455653$ & $0.0478822$ & $0.0384742$ & $0.010629$ & $-0.0152192$ & $-0.00490522$ & $0.0878575$ & $0.0872707$ & $0.0846439$ & $0.0184908$ & $-0.0400507$ & $-0.0030202$ & $-0.0466357$ & $0.0243925$ & $0.0222267$ & $0.0586512$ & $0.683169$ & $0.386099$ & $-0.0657098$ & $1$ & $0.0220726$ & $-0.0661654$ & $0.0271758$ & $-0.140252$ & $-0.0420204$ & $-0.023748$ & $-0.0208024$ & $0.0236884$ & $0.0162196$ & $0.00530384$ & $0.0423182$ & $0.0173251$ & $-0.0256462$ & $0.0702961$ & $0.0892508$ & $0.450989$ \\
CLL_1221 & $0.0208045$ & $0.0261983$ & $0.00206057$ & $-0.037132$ & $-0.0273184$ & $-0.132672$ & $-0.0415279$ & $0.564159$ & $0.551101$ & $-0.334852$ & $-0.352199$ & $-0.0123713$ & $0.0948725$ & $-0.243526$ & $-0.591739$ & $-0.119647$ & $-0.258639$ & $-0.00266157$ & $-0.337562$ & $0.272805$ & $0.442415$ & $0.438396$ & $0.205648$ & $-0.636302$ & $-0.216769$ & $-0.237271$ & $0.68518$ & $0.144354$ & $0.00378195$ & $0.0366211$ & $0.0144721$ & $-0.0413646$ & $0.0220726$ & $1$ & $-0.0129987$ & $-0.00541768$ & $0.00321295$ & $0.00818241$ & $-0.000918962$ & $-0.0101711$ & $0.058001$ & $-0.0162212$ & $-0.0196415$ & $-0.0204042$ & $-0.00425908$ & $0.00181223$ & $0.0297202$ & $0.0260553$ & $-0.00150855$ \\
eHggint & $0.0595742$ & $0.0311922$ & $0.00155881$ & $0.045462$ & $-0.0170107$ & $0.000483121$ & $-0.0322146$ & $-0.00978606$ & $-0.0290762$ & $0.041828$ & $0.0102902$ & $0.0981847$ & $0.000753723$ & $-0.00568036$ & $0.0064433$ & $0.0300411$ & $-0.00856399$ & $-0.0063208$ & $-0.0200884$ & $-0.00758162$ & $-0.0124541$ & $-0.0054496$ & $-0.0206569$ & $-0.00309201$ & $-0.0193499$ & $-0.00436008$ & $-0.0332701$ & $-0.0122538$ & $-0.0420343$ & $-0.0574547$ & $-0.0107738$ & $0.0520694$ & $-0.0661654$ & $-0.0129987$ & $1$ & $-0.0969194$ & $0.0744733$ & $-0.00507079$ & $0.00712857$ & $0.0143737$ & $-0.0227099$ & $0.0262256$ & $-0.00461285$ & $-0.0379387$ & $-0.0825235$ & $-0.0121999$ & $0.0415005$ & $-0.105296$ & $-0.0197952$ \\
eHggpar & $-0.0361876$ & $-0.0192473$ & $-0.0434747$ & $0.00336607$ & $-0.0295671$ & $-0.00384609$ & $-0.0314755$ & $-0.0151834$ & $-0.0229739$ & $0.0231388$ & $0.0171331$ & $0.0354378$ & $0.0120113$ & $-0.015448$ & $-0.007532$ & $-0.000999143$ & $-0.000301818$ & $0.00148205$ & $-0.00301663$ & $-0.0170142$ & $-0.0197236$ & $-0.0190028$ & $-0.0140842$ & $0.0116455$ & $0.00886217$ & $0.0304007$ & $0.00385018$ & $-0.00612933$ & $-0.00459919$ & $-0.0147609$ & $-0.00923545$ & $0.005004$ & $0.0271758$ & $-0.00541768$ & $-0.0969194$ & $1$ & $-0.0141845$ & $0.00545161$ & $0.0140452$ & $0.0205992$ & $-0.0675921$ & $-0.0115875$ & $-0.00634324$ & $-0.00481022$ & $0.0129164$ & $0.000619734$ & $-0.0567772$ & $0.0265505$ & $0.0662145$ \\
eHWWint & $0.0882578$ & $-0.0697887$ & $0.0437724$ & $-0.0468277$ & $-0.000991211$ & $0.00786323$ & $0.0257796$ & $-0.012944$ & $-0.0170487$ & $-0.0146005$ & $0.0119354$ & $-0.0396364$ & $-0.031345$ & $-0.00201214$ & $-0.0215441$ & $0.00552992$ & $0.00239903$ & $0.0183072$ & $-0.00629932$ & $-0.0146874$ & $-0.0147133$ & $-0.0189415$ & $-0.000627803$ & $0.00575731$ & $-0.00516717$ & $0.00441812$ & $-0.0103031$ & $0.000361686$ & $-0.0403096$ & $-0.201526$ & $-0.0780566$ & $-0.0086494$ & $-0.140252$ & $0.00321295$ & $0.0744733$ & $-0.0141845$ & $1$ & $0.00278429$ & $-0.127351$ & $-0.0404654$ & $0.0487715$ & $0.00635934$ & $0.0833537$ & $-0.0275272$ & $-0.0458193$ & $0.107948$ & $0.0175942$ & $0.133743$ & $0.0860934$ \\
eHWWpar & $-0.00547319$ & $-0.010785$ & $0.0467723$ & $0.00469978$ & $0.00607923$ & $-0.00962305$ & $-0.00571762$ & $0.00299188$ & $-0.00118717$ & $0.0126829$ & $0.00598278$ & $0.01156$ & $-0.000799061$ & $-0.0163855$ & $-0.00816691$ & $-0.0201585$ & $-0.013867$ & $-0.0103257$ & $-0.00184004$ & $-0.00739666$ & $-0.00396318$ & $-0.00192735$ & $0.00309196$ & $-0.0102623$ & $-0.0136076$ & $-0.0018583$ & $0.00384474$ & $0.00914771$ & $-0.0194187$ & $-0.036222$ & $-0.00514354$ & $-0.00857645$ & $-0.0420204$ & $0.00818241$ & $-0.00507079$ & $0.00545161$ & $0.00278429$ & $1$ & $0.00916457$ & $-0.00561469$ & $0.0137613$ & $-0.00548311$ & $0.0206159$ & $-0.00645518$ & $-0.00814539$ & $0.00655736$ & $0.0146419$ & $0.0103122$ & $-0.0207735$ \\
eHZZint & $0.0360125$ & $-0.0397305$ & $-0.0256677$ & $-0.0593879$ & $-0.00519729$ & $0.014233$ & $0.00322533$ & $0.013467$ & $0.005259$ & $0.00787478$ & $-0.0152358$ & $-0.000907922$ & $0.0087207$ & $0.0120374$ & $0.00912271$ & $0.00631283$ & $0.000291215$ & $-0.00194581$ & $-0.00085473$ & $0.0139364$ & $0.0149343$ & $0.0135997$ & $0.00182728$ & $-0.00629591$ & $-0.0113681$ & $-0.0215827$ & $-0.0131841$ & $0.020868$ & $0.0254077$ & $-0.00719358$ & $-0.0387134$ & $0.0101294$ & $-0.023748$ & $-0.000918962$ & $0.00712857$ & $0.0140452$ & $-0.127351$ & $0.00916457$ & $1$ & $0.0443508$ & $-0.00637581$ & $-0.0302338$ & $-0.0735985$ & $0.049221$ & $-0.0170174$ & $-0.0306393$ & $-0.130284$ & $-0.0754131$ & $-0.0109637$ \\
eHZZpar & $0.00164488$ & $0.0155829$ & $-0.0231867$ & $-0.0134002$ & $0.0266735$ & $-0.00921621$ & $-0.00507156$ & $-0.0160855$ & $-0.0166726$ & $0.0187267$ & $0.0180725$ & $-0.0215521$ & $-0.0184806$ & $-0.0099021$ & $0.00388774$ & $-0.0184446$ & $0.00589515$ & $-0.00572187$ & $0.0116833$ & $-0.0197215$ & $-0.0170427$ & $-0.0125445$ & $0.00299428$ & $-0.000997901$ & $0.00973469$ & $0.0096142$ & $0.00288949$ & $0.00804575$ & $-0.00253616$ & $-0.00653219$ & $-0.00345972$ & $-0.00458213$ & $-0.0208024$ & $-0.0101711$ & $0.0143737$ & $0.0205992$ & $-0.0404654$ & $-0.00561469$ & $0.0443508$ & $1$ & $0.0114095$ & $-0.00592867$ & $0.0024201$ & $0.0126085$ & $0.00557475$ & $-0.01352$ & $-0.00813199$ & $-0.00245458$ & $-0.0213816$ \\
eHZgaint & $0.00256367$ & $0.0381491$ & $-0.033464$ & $-0.00965584$ & $-0.00504084$ & $-0.00823608$ & $-0.0386048$ & $0.0396939$ & $0.0341301$ & $-0.0479792$ & $-0.0113859$ & $0.0143522$ & $0.0298705$ & $-0.0464468$ & $-0.0247376$ & $-0.002865$ & $-0.0467907$ & $-0.0356115$ & $-0.0587224$ & $0.0100466$ & $0.0175804$ & $0.0088385$ & $0.0017396$ & $-0.0685375$ & $-0.0532179$ & $-0.00546493$ & $0.0212985$ & $-0.0275041$ & $0.0143975$ & $0.0272609$ & $0.0601417$ & $-0.0355108$ & $0.0236884$ & $0.058001$ & $-0.0227099$ & $-0.0675921$ & $0.0487715$ & $0.0137613$ & $-0.00637581$ & $0.0114095$ & $1$ & $0.00169074$ & $-0.017677$ & $-0.00286703$ & $-0.0115001$ & $0.0331062$ & $0.0680519$ & $0.0451086$ & $0.0131355$ \\
eHZgapar & $-0.0274827$ & $-0.00306813$ & $0.0197664$ & $-0.00537191$ & $-0.0170576$ & $-0.0045363$ & $-0.0144677$ & $-0.0120245$ & $-0.012601$ & $0.00664007$ & $0.00609616$ & $0.000176335$ & $-0.0064626$ & $0.00304257$ & $0.00855713$ & $0.00395972$ & $0.011943$ & $0.00527118$ & $0.0103462$ & $-0.00404661$ & $-0.00794789$ & $-0.0073855$ & $0.00355503$ & $0.0164182$ & $0.00818466$ & $0.00478139$ & $-0.0126127$ & $-0.0157181$ & $-0.00242315$ & $-0.0117392$ & $0.000467627$ & $-0.00989956$ & $0.0162196$ & $-0.0162212$ & $0.0262256$ & $-0.0115875$ & $0.00635934$ & $-0.00548311$ & $-0.0302338$ & $-0.00592867$ & $0.00169074$ & $1$ & $0.0115754$ & $-0.0336406$ & $0.00626536$ & $0.018999$ & $0.00172367$ & $0.0206454$ & $0.0182299$ \\
eHgagaint & $0.0282235$ & $-0.0705373$ & $0.0047351$ & $0.0538912$ & $0.00108238$ & $0.00501021$ & $-0.0210835$ & $-0.0125334$ & $0.0630118$ & $0.0019646$ & $0.0173608$ & $0.00399349$ & $-0.00756165$ & $-0.00556694$ & $0.00151616$ & $0.00929124$ & $-0.0135448$ & $-0.00735602$ & $-0.00978119$ & $-0.01937$ & $-0.020523$ & $-0.016504$ & $0.0084327$ & $0.00391097$ & $-0.0079118$ & $-0.00577385$ & $-0.0162056$ & $-0.0166551$ & $0.017063$ & $-0.00532592$ & $0.0129993$ & $-0.0225195$ & $0.00530384$ & $-0.0196415$ & $-0.00461285$ & $-0.00634324$ & $0.0833537$ & $0.0206159$ & $-0.0735985$ & $0.0024201$ & $-0.017677$ & $0.0115754$ & $1$ & $0.103802$ & $0.0645841$ & $0.0232111$ & $0.0381851$ & $0.0339262$ & $-0.0133143$ \\
eHmumuint & $0.0498574$ & $-0.0619634$ & $-0.00443712$ & $0.0670592$ & $0.00016601$ & $-0.0248238$ & $-0.00547828$ & $-0.00136402$ & $0.0119207$ & $0.00467078$ & $-0.0124846$ & $0.0135059$ & $0.0160273$ & $0.0247943$ & $0.0172287$ & $-0.00684035$ & $0.0237325$ & $0.0130525$ & $0.0266882$ & $0.0112591$ & $0.00786525$ & $0.00863975$ & $-0.00558074$ & $0.0150076$ & $0.0070378$ & $-0.0173922$ & $-0.0208369$ & $0.0172571$ & $0.0334171$ & $0.0203539$ & $-0.00854978$ & $-0.00971148$ & $0.0423182$ & $-0.0204042$ & $-0.0379387$ & $-0.00481022$ & $-0.0275272$ & $-0.00645518$ & $0.049221$ & $0.0126085$ & $-0.00286703$ & $-0.0336406$ & $0.103802$ & $1$ & $-0.0188575$ & $0.0119523$ & $-0.051145$ & $-0.0462248$ & $0.0559549$ \\
eHtautauint & $0.0502503$ & $-0.0864866$ & $-0.068456$ & $-0.043331$ & $-0.00208752$ & $-0.00494615$ & $0.00379989$ & $0.0158259$ & $0.0215246$ & $0.00876617$ & $-0.0144406$ & $0.0072717$ & $0.0159415$ & $0.00911977$ & $0.0106448$ & $-0.0019601$ & $-0.00371598$ & $-0.00898854$ & $0.00336645$ & $0.0102271$ & $0.0124754$ & $0.0103132$ & $-0.00110231$ & $-0.0195312$ & $-0.0127689$ & $-0.00952351$ & $-0.00638691$ & $-0.00773244$ & $0.0134526$ & $0.0795384$ & $-0.00740108$ & $0.00360778$ & $0.0173251$ & $-0.00425908$ & $-0.0825235$ & $0.0129164$ & $-0.0458193$ & $-0.00814539$ & $-0.0170174$ & $0.00557475$ & $-0.0115001$ & $0.00626536$ & $0.0645841$ & $-0.0188575$ & $1$ & $0.0443218$ & $-0.0550416$ & $0.0531592$ & $-0.0105683$ \\
eHccint & $0.027145$ & $-0.00563891$ & $0.0738512$ & $-0.0781829$ & $0.00574493$ & $-0.0160881$ & $-0.0172107$ & $-0.00627368$ & $-0.00507986$ & $0.00680874$ & $-0.00401008$ & $-0.00249087$ & $0.00478463$ & $0.00763856$ & $-0.00306357$ & $-0.00172884$ & $0.0272733$ & $0.0200711$ & $0.0153904$ & $0.00450468$ & $0.00449762$ & $-0.00016613$ & $-0.00245494$ & $0.0158445$ & $0.0113821$ & $-0.00351075$ & $-0.00591617$ & $0.0150785$ & $0.0145583$ & $-0.0169827$ & $0.0661117$ & $-0.0252809$ & $-0.0256462$ & $0.00181223$ & $-0.0121999$ & $0.000619734$ & $0.107948$ & $0.00655736$ & $-0.0306393$ & $-0.01352$ & $0.0331062$ & $0.018999$ & $0.0232111$ & $0.0119523$ & $0.0443218$ & $1$ & $0.0280377$ & $0.0820735$ & $-0.0201125$ \\
eHccpar & $-0.0158925$ & $-0.0237402$ & $0.0220012$ & $-0.0251425$ & $0.0190247$ & $0.00803699$ & $-0.0436633$ & $0.0396331$ & $0.0390797$ & $-0.0435671$ & $-0.0236557$ & $0.0317849$ & $0.046228$ & $-0.0192437$ & $0.000678317$ & $-0.0323715$ & $-0.0224673$ & $-0.0299686$ & $-0.00632139$ & $0.0207419$ & $0.0276111$ & $0.0279273$ & $0.0264925$ & $-0.034832$ & $-0.00679492$ & $-0.01444$ & $0.0576923$ & $0.0069247$ & $0.00236058$ & $0.0182752$ & $0.397042$ & $-0.0364834$ & $0.0702961$ & $0.0297202$ & $0.0415005$ & $-0.0567772$ & $0.0175942$ & $0.0146419$ & $-0.130284$ & $-0.00813199$ & $0.0680519$ & $0.00172367$ & $0.0381851$ & $-0.051145$ & $-0.0550416$ & $0.0280377$ & $1$ & $0.125221$ & $0.0594884$ \\
eHbbint & $0.0521384$ & $-0.0835642$ & $0.0782317$ & $-0.0628949$ & $-0.0108462$ & $-0.00582236$ & $-0.0302462$ & $0.0367201$ & $0.034451$ & $-0.0213465$ & $-0.0359332$ & $-0.0315077$ & $-0.000362859$ & $0.0145382$ & $-0.00326125$ & $0.00317754$ & $0.000532135$ & $0.00248553$ & $-0.00478166$ & $0.0315126$ & $0.0355448$ & $0.0310105$ & $0.0245714$ & $-0.022523$ & $-0.0187378$ & $-0.0392991$ & $0.00657055$ & $-0.00170248$ & $-0.0110413$ & $-0.031336$ & $0.0348823$ & $-0.046212$ & $0.0892508$ & $0.0260553$ & $-0.105296$ & $0.0265505$ & $0.133743$ & $0.0103122$ & $-0.0754131$ & $-0.00245458$ & $0.0451086$ & $0.0206454$ & $0.0339262$ & $-0.0462248$ & $0.0531592$ & $0.0820735$ & $0.125221$ & $1$ & $-0.0476019$ \\
eHbbpar & $0.0527168$ & $0.0876334$ & $-0.0427756$ & $0.0245576$ & $-0.00228093$ & $-0.0133575$ & $-0.000535182$ & $-0.00807641$ & $-0.00700089$ & $0.00387957$ & $0.00835214$ & $0.0139979$ & $0.00152056$ & $-0.00990219$ & $0.00145358$ & $0.0276108$ & $-0.00563365$ & $-0.00352476$ & $-0.0190689$ & $-0.00390387$ & $-0.00669977$ & $-0.00726908$ & $0.00404666$ & $-0.00561583$ & $-0.016189$ & $0.00750335$ & $-0.0157252$ & $-0.019776$ & $-0.00696717$ & $0.00246019$ & $0.0171271$ & $0.00997882$ & $0.450989$ & $-0.00150855$ & $-0.0197952$ & $0.0662145$ & $0.0860934$ & $-0.0207735$ & $-0.0109637$ & $-0.0213816$ & $0.0131355$ & $0.0182299$ & $-0.0133143$ & $0.0559549$ & $-0.0105683$ & $-0.0201125$ & $0.0594884$ & $-0.0476019$ & $1$ \\
