 & AlsMz & dAle5Mz & mtop & mHl & Mz & CW & CHG & CHWB & CHWHB_gaga & CHWHB_gagaorth & CHD & CHbox & CH & CHL1_11 & CHL1_22 & CHL1_33 & CHL3_11 & CHL3_22 & CHL3_33 & CHe_11 & CHe_22 & CHe_33 & CHQ1_11 & CHQ1_33 & CHQ3_11 & CHu_11 & CHd_11 & CHd_33 & CeH_22r & CeH_33r & CuH_22r & CuH_33r & CdH_33r & CLL_1221 & eHggint & eHggpar & eHWWint & eHWWpar & eHZZint & eHZZpar & eHZgaint & eHZgapar & eHgagaint & eHmumuint & eHtautauint & eHccint & eHccpar & eHbbint & eHbbpar \\
AlsMz & $1$ & $0.0401064$ & $-0.222276$ & $-0.0786657$ & $0.0191815$ & $-0.0194524$ & $-0.0884453$ & $0.0177495$ & $0.0169478$ & $-0.0157819$ & $-0.006083$ & $0.0545271$ & $0.0591484$ & $-0.0458943$ & $-0.023681$ & $-0.026508$ & $-0.0284164$ & $-0.0209723$ & $-0.0207717$ & $-0.00194993$ & $0.006199$ & $-0.00194043$ & $0.004273$ & $-0.0715599$ & $-0.104373$ & $-0.0164146$ & $0.0276127$ & $0.0263541$ & $-0.0069795$ & $0.0655419$ & $0.0450615$ & $-0.0822686$ & $0.111$ & $0.0389547$ & $-0.0683628$ & $-0.0698906$ & $-0.19009$ & $0.0153389$ & $0.0794588$ & $-0.000483152$ & $-0.131451$ & $0.0170926$ & $-0.0152539$ & $-0.0580107$ & $0.0510768$ & $0.21877$ & $-0.0404368$ & $0.0187153$ & $0.0819218$ \\
dAle5Mz & $0.0401064$ & $1$ & $-0.00127118$ & $-0.0234903$ & $0.00681477$ & $0.000216589$ & $-0.0291762$ & $-0.0522321$ & $-0.0530741$ & $0.0294651$ & $0.04201$ & $0.0236621$ & $0.00383343$ & $-0.0211044$ & $-0.00651404$ & $0.00549363$ & $0.00735906$ & $0.00385551$ & $-0.00672025$ & $-0.0199453$ & $-0.0232363$ & $-0.020055$ & $-0.02116$ & $0.0114612$ & $-0.00655877$ & $0.0176426$ & $-0.0210649$ & $-0.0131835$ & $-0.0108059$ & $-0.0187582$ & $-0.0337459$ & $-0.0292212$ & $0.0153312$ & $0.0155976$ & $0.0783667$ & $0.00379615$ & $0.039789$ & $-0.0607159$ & $0.0512144$ & $-0.0333139$ & $-0.0179592$ & $0.00512539$ & $-0.0124009$ & $0.0192857$ & $-0.120362$ & $0.0434053$ & $-0.0322117$ & $0.198706$ & $0.010772$ \\
mtop & $-0.222276$ & $-0.00127118$ & $1$ & $0.121559$ & $-0.026465$ & $0.0226821$ & $-0.0393008$ & $0.0353654$ & $0.0364217$ & $-0.0393002$ & $-0.0335137$ & $0.0212964$ & $0.0468315$ & $0.025824$ & $0.0580933$ & $0.0468567$ & $-0.000174527$ & $-0.0290689$ & $-0.0220141$ & $0.0428168$ & $0.0369039$ & $0.0296958$ & $0.00394185$ & $0.00136489$ & $0.0140459$ & $-0.0162406$ & $-0.00169661$ & $0.0122389$ & $-0.00423933$ & $0.0494365$ & $0.0474233$ & $-0.0328214$ & $0.0848143$ & $-0.0214126$ & $-0.0391574$ & $0.0577659$ & $-0.05777$ & $0.00626108$ & $0.153307$ & $0.0511841$ & $-0.121286$ & $-0.00416921$ & $0.16536$ & $-0.292698$ & $0.0721233$ & $-0.0550061$ & $0.239914$ & $-0.147719$ & $0.140441$ \\
mHl & $-0.0786657$ & $-0.0234903$ & $0.121559$ & $1$ & $-0.0294078$ & $0.0406474$ & $0.0438039$ & $0.0152046$ & $0.0247341$ & $-0.0251542$ & $-0.0231883$ & $-0.0288779$ & $-0.0209583$ & $0.032041$ & $-0.0250082$ & $0.00204936$ & $0.0187664$ & $0.0326705$ & $0.0139933$ & $0.0218517$ & $0.0262275$ & $0.0238255$ & $-0.0146406$ & $0.0188313$ & $0.0367669$ & $0.0167145$ & $0.0411912$ & $0.0148356$ & $0.00391057$ & $0.0435943$ & $0.0243769$ & $0.0509008$ & $0.0773275$ & $0.0304652$ & $0.042878$ & $-0.0387865$ & $-0.0721195$ & $0.00420566$ & $0.290166$ & $0.0800671$ & $0.0654021$ & $-0.012432$ & $0.100734$ & $-0.172927$ & $0.186956$ & $-0.144893$ & $0.0521567$ & $-0.0456884$ & $0.141203$ \\
Mz & $0.0191815$ & $0.00681477$ & $-0.026465$ & $-0.0294078$ & $1$ & $-0.0244198$ & $0.00914124$ & $-0.000239875$ & $-3.76469e-05$ & $0.000577532$ & $0.00855022$ & $-0.0168398$ & $-0.0160363$ & $-0.000504266$ & $-0.00990721$ & $-0.00801599$ & $0.00108237$ & $0.00604516$ & $0.00822758$ & $-0.000722709$ & $0.00187043$ & $0.0117407$ & $-0.000528831$ & $-0.00796548$ & $0.0252064$ & $-0.00705283$ & $0.0329386$ & $0.00184536$ & $0.0195276$ & $-0.0121548$ & $-0.0284284$ & $-0.00661376$ & $-0.0175617$ & $0.00774301$ & $-0.0346193$ & $-0.00930944$ & $-0.0190051$ & $-0.00248531$ & $-0.00917587$ & $0.00807098$ & $0.0237228$ & $0.00910977$ & $0.0193667$ & $0.000384572$ & $-0.00711993$ & $0.0401684$ & $-0.0187809$ & $-0.0193918$ & $0.0342167$ \\
CW & $-0.0194524$ & $0.000216589$ & $0.0226821$ & $0.0406474$ & $-0.0244198$ & $1$ & $-0.0283582$ & $-0.123225$ & $-0.120109$ & $0.00398668$ & $0.180001$ & $0.0454385$ & $0.0196675$ & $0.0246621$ & $-0.0666164$ & $-0.0583309$ & $-0.253491$ & $-0.0462964$ & $-0.0564541$ & $-0.176192$ & $-0.183042$ & $-0.177501$ & $-0.00425879$ & $0.0170609$ & $-0.0955936$ & $0.0920951$ & $-0.103802$ & $-0.059528$ & $0.00977037$ & $0.000875609$ & $-0.0406363$ & $-0.0214059$ & $-0.00165485$ & $-0.128318$ & $0.0228893$ & $0.00767961$ & $0.0129187$ & $0.00343156$ & $-0.0213073$ & $0.0221508$ & $0.0323986$ & $-0.00305775$ & $0.0119622$ & $0.022164$ & $-0.0253421$ & $-0.0404886$ & $0.0462504$ & $-0.0172118$ & $-0.0316256$ \\
CHG & $-0.0884453$ & $-0.0291762$ & $-0.0393008$ & $0.0438039$ & $0.00914124$ & $-0.0283582$ & $1$ & $-0.0796783$ & $-0.0267967$ & $0.0354374$ & $0.0296827$ & $-0.28039$ & $-0.318527$ & $0.076917$ & $0.0107775$ & $-0.00149949$ & $0.104317$ & $0.087615$ & $0.0998732$ & $-0.0255728$ & $-0.0353334$ & $-0.0369837$ & $-0.0131297$ & $0.104385$ & $0.108601$ & $0.021701$ & $-0.0454128$ & $-0.00907677$ & $0.000686917$ & $-0.164102$ & $-0.0560734$ & $0.939308$ & $-0.186336$ & $-0.0735466$ & $-0.11973$ & $-0.0382139$ & $0.0303449$ & $-0.0429845$ & $-0.0326393$ & $0.00537463$ & $0.0367649$ & $0.0155365$ & $0.0348253$ & $-0.0229852$ & $-0.0512013$ & $0.0123717$ & $0.0446586$ & $-0.0860244$ & $-0.0051234$ \\
CHWB & $0.0177495$ & $-0.0522321$ & $0.0353654$ & $0.0152046$ & $-0.000239875$ & $-0.123225$ & $-0.0796783$ & $1$ & $0.984548$ & $-0.577688$ & $-0.883812$ & $0.119392$ & $0.375068$ & $0.0762464$ & $0.314805$ & $0.293354$ & $-0.251655$ & $-0.450301$ & $-0.445704$ & $0.856316$ & $0.900023$ & $0.882527$ & $0.0588862$ & $-0.68647$ & $-0.414704$ & $-0.507058$ & $0.441629$ & $0.298535$ & $0.0091975$ & $0.121642$ & $0.0654939$ & $-0.0671081$ & $0.116753$ & $0.562234$ & $0.0467753$ & $0.00821716$ & $0.0211595$ & $0.00207634$ & $0.055457$ & $-0.0163467$ & $-0.0042326$ & $-0.030616$ & $0.0245071$ & $-0.0540004$ & $-0.0253326$ & $-0.026376$ & $-0.00788964$ & $-0.0151832$ & $-0.00979456$ \\
CHWHB_gaga & $0.0169478$ & $-0.0530741$ & $0.0364217$ & $0.0247341$ & $-3.76469e-05$ & $-0.120109$ & $-0.0267967$ & $0.984548$ & $1$ & $-0.56858$ & $-0.868919$ & $0.124314$ & $0.367601$ & $0.0712478$ & $0.312771$ & $0.294457$ & $-0.25033$ & $-0.447166$ & $-0.444458$ & $0.842482$ & $0.884339$ & $0.8674$ & $0.0637862$ & $-0.673962$ & $-0.409849$ & $-0.500203$ & $0.435655$ & $0.298944$ & $0.0138133$ & $0.140782$ & $0.0780778$ & $-0.021034$ & $0.133754$ & $0.551495$ & $0.0285807$ & $0.00539305$ & $0.021143$ & $0.00252213$ & $0.0634583$ & $-0.01341$ & $-0.00107673$ & $-0.0308542$ & $0.0741954$ & $-0.060069$ & $-0.0211768$ & $-0.0222045$ & $-0.00278455$ & $-0.0216531$ & $-0.0119755$ \\
CHWHB_gagaorth & $-0.0157819$ & $0.0294651$ & $-0.0393002$ & $-0.0251542$ & $0.000577532$ & $0.00398668$ & $0.0354374$ & $-0.577688$ & $-0.56858$ & $1$ & $0.366907$ & $0.188524$ & $-0.267921$ & $0.237058$ & $-0.137178$ & $-0.0968287$ & $0.440819$ & $0.491787$ & $0.476638$ & $-0.351627$ & $-0.385611$ & $-0.379674$ & $-0.0546438$ & $0.570644$ & $0.472845$ & $0.224368$ & $-0.267363$ & $-0.103956$ & $-0.0146176$ & $-0.141442$ & $-0.0731153$ & $0.0413622$ & $-0.145855$ & $-0.349994$ & $-0.0212835$ & $0.0254616$ & $-0.0141744$ & $-0.0166793$ & $-0.0409703$ & $-0.00310857$ & $-0.0356702$ & $0.0436536$ & $-0.0231562$ & $0.014204$ & $0.0138029$ & $0.0199676$ & $0.00991324$ & $0.042385$ & $-0.00148285$ \\
CHD & $-0.006083$ & $0.04201$ & $-0.0335137$ & $-0.0231883$ & $0.00855022$ & $0.180001$ & $0.0296827$ & $-0.883812$ & $-0.868919$ & $0.366907$ & $1$ & $0.0416401$ & $-0.185112$ & $-0.487646$ & $-0.411047$ & $-0.411256$ & $-0.196077$ & $0.0910562$ & $0.0844577$ & $-0.990422$ & $-0.991438$ & $-0.970494$ & $-0.0102617$ & $0.334059$ & $0.0375366$ & $0.561964$ & $-0.324257$ & $-0.335933$ & $0.00522714$ & $-0.0650784$ & $-0.0502729$ & $0.0297725$ & $-0.0653427$ & $-0.389039$ & $-0.0173408$ & $-0.0011196$ & $-0.00041863$ & $0.00625155$ & $-0.0539108$ & $0.0188387$ & $-0.0077058$ & $0.0195844$ & $-0.0248547$ & $0.0474263$ & $0.019157$ & $0.00665555$ & $0.00727495$ & $-0.0306034$ & $0.0193512$ \\
CHbox & $0.0545271$ & $0.0236621$ & $0.0212964$ & $-0.0288779$ & $-0.0168398$ & $0.0454385$ & $-0.28039$ & $0.119392$ & $0.124314$ & $0.188524$ & $0.0416401$ & $1$ & $0.787193$ & $-0.305159$ & $0.054108$ & $0.0525912$ & $-0.339823$ & $-0.327896$ & $-0.345756$ & $-0.0316282$ & $-0.0404657$ & $-0.0415576$ & $-0.00829806$ & $-0.241448$ & $-0.34381$ & $0.0270043$ & $-0.019592$ & $0.00713768$ & $0.0411505$ & $0.352763$ & $0.109476$ & $-0.19026$ & $0.393029$ & $0.0480821$ & $0.124692$ & $0.0444958$ & $0.0230647$ & $0.0112979$ & $0.0449968$ & $-0.00236628$ & $-0.0726758$ & $0.00721988$ & $-0.0120197$ & $-0.0192125$ & $-0.00968063$ & $-0.0400119$ & $-0.0263541$ & $-0.00551744$ & $-0.0126427$ \\
CH & $0.0591484$ & $0.00383343$ & $0.0468315$ & $-0.0209583$ & $-0.0160363$ & $0.0196675$ & $-0.318527$ & $0.375068$ & $0.367601$ & $-0.267921$ & $-0.185112$ & $0.787193$ & $1$ & $-0.269122$ & $0.0870232$ & $0.0917214$ & $-0.398169$ & $-0.41105$ & $-0.433296$ & $0.180079$ & $0.19649$ & $0.192855$ & $0.0164969$ & $-0.424982$ & $-0.429148$ & $-0.11248$ & $0.127095$ & $0.0798909$ & $0.0349389$ & $0.289672$ & $0.109528$ & $-0.263464$ & $0.330064$ & $0.230166$ & $0.108598$ & $0.0105279$ & $0.0252139$ & $0.014183$ & $0.0448081$ & $0.00155928$ & $-0.0570475$ & $-0.0213605$ & $-0.00406773$ & $-0.0252628$ & $-0.00699$ & $-0.0521506$ & $-0.0319168$ & $-0.0137195$ & $-0.0139547$ \\
CHL1_11 & $-0.0458943$ & $-0.0211044$ & $0.025824$ & $0.032041$ & $-0.000504266$ & $0.0246621$ & $0.076917$ & $0.0762464$ & $0.0712478$ & $0.237058$ & $-0.487646$ & $-0.305159$ & $-0.269122$ & $1$ & $0.217734$ & $0.263401$ & $0.66862$ & $0.606359$ & $0.604827$ & $0.50564$ & $0.450146$ & $0.437891$ & $-0.0665868$ & $0.478648$ & $0.611213$ & $-0.263921$ & $-0.0845577$ & $0.164064$ & $-0.0286597$ & $-0.0924157$ & $-0.0186189$ & $0.0569577$ & $-0.0788185$ & $-0.184796$ & $-0.0321073$ & $0.00131735$ & $-0.03128$ & $-0.0316293$ & $0.0118142$ & $-0.000159068$ & $0.026629$ & $0.0211278$ & $0.00844128$ & $0.00154927$ & $-0.00478359$ & $0.0174126$ & $0.0121417$ & $0.0742491$ & $-0.0224063$ \\
CHL1_22 & $-0.023681$ & $-0.00651404$ & $0.0580933$ & $-0.0250082$ & $-0.00990721$ & $-0.0666164$ & $0.0107775$ & $0.314805$ & $0.312771$ & $-0.137178$ & $-0.411047$ & $0.054108$ & $0.0870232$ & $0.217734$ & $1$ & $0.449372$ & $0.10768$ & $-0.495287$ & $-0.0867243$ & $0.477939$ & $0.328195$ & $0.314474$ & $-0.194824$ & $0.0585695$ & $-0.184496$ & $-0.179038$ & $-0.388811$ & $0.109569$ & $0.0148353$ & $0.0482906$ & $0.0447348$ & $0.0183305$ & $0.0508265$ & $-0.579492$ & $-0.000501465$ & $0.00560233$ & $-0.0126694$ & $0.0341119$ & $0.0440946$ & $-0.00764806$ & $-0.0253449$ & $-0.00265137$ & $0.0304487$ & $-0.047221$ & $0.0110917$ & $0.0408052$ & $-0.0243724$ & $0.0286061$ & $-0.0143941$ \\
CHL1_33 & $-0.026508$ & $0.00549363$ & $0.0468567$ & $0.00204936$ & $-0.00801599$ & $-0.0583309$ & $-0.00149949$ & $0.293354$ & $0.294457$ & $-0.0968287$ & $-0.411256$ & $0.0525912$ & $0.0917214$ & $0.263401$ & $0.449372$ & $1$ & $0.150893$ & $-0.0447543$ & $-0.430717$ & $0.475805$ & $0.331324$ & $0.346511$ & $-0.159195$ & $0.0918325$ & $-0.126503$ & $-0.192519$ & $-0.368766$ & $0.127604$ & $-0.0220319$ & $0.0346585$ & $0.0258803$ & $0.00227363$ & $0.058608$ & $-0.103583$ & $0.0178845$ & $0.0107322$ & $0.0206045$ & $0.0322698$ & $0.0322773$ & $0.00374546$ & $-0.02265$ & $-0.00682489$ & $0.0281945$ & $-0.0190967$ & $-0.0141964$ & $0.00387239$ & $0.000816364$ & $0.055227$ & $0.00516156$ \\
CHL3_11 & $-0.0284164$ & $0.00735906$ & $-0.000174527$ & $0.0187664$ & $0.00108237$ & $-0.253491$ & $0.104317$ & $-0.251655$ & $-0.25033$ & $0.440819$ & $-0.196077$ & $-0.339823$ & $-0.398169$ & $0.66862$ & $0.10768$ & $0.150893$ & $1$ & $0.741832$ & $0.745054$ & $0.216437$ & $0.163908$ & $0.15806$ & $-0.0651475$ & $0.676645$ & $0.792756$ & $-0.09606$ & $-0.13824$ & $0.0722281$ & $-0.0291502$ & $-0.111934$ & $-0.0358595$ & $0.073841$ & $-0.107308$ & $-0.221465$ & $-0.0718007$ & $-0.0237303$ & $-0.0393203$ & $-0.0117973$ & $-0.00693939$ & $-0.0113922$ & $0.020565$ & $0.0106044$ & $-0.00314065$ & $0.00540378$ & $0.0290848$ & $0.0336372$ & $-0.00379832$ & $0.0784964$ & $-0.0054719$ \\
CHL3_22 & $-0.0209723$ & $0.00385551$ & $-0.0290689$ & $0.0326705$ & $0.00604516$ & $-0.0462964$ & $0.087615$ & $-0.450301$ & $-0.447166$ & $0.491787$ & $0.0910562$ & $-0.327896$ & $-0.41105$ & $0.606359$ & $-0.495287$ & $-0.0447543$ & $0.741832$ & $1$ & $0.69513$ & $-0.0968159$ & $-0.0839553$ & $-0.078333$ & $0.0322541$ & $0.6298$ & $0.811992$ & $0.0366147$ & $0.010198$ & $-0.0126709$ & $-0.0359545$ & $-0.138731$ & $-0.057771$ & $0.0594139$ & $-0.128008$ & $0.0538584$ & $-0.0545296$ & $-0.0147573$ & $-0.0270399$ & $-0.0356583$ & $-0.0326497$ & $0.0026371$ & $0.0359382$ & $0.0216162$ & $-0.0186269$ & $0.0424576$ & $0.00549076$ & $0.00240582$ & $0.0226352$ & $0.0573971$ & $1.24402e-05$ \\
CHL3_33 & $-0.0207717$ & $-0.00672025$ & $-0.0220141$ & $0.0139933$ & $0.00822758$ & $-0.0564541$ & $0.0998732$ & $-0.445704$ & $-0.444458$ & $0.476638$ & $0.0844577$ & $-0.345756$ & $-0.433296$ & $0.604827$ & $-0.0867243$ & $-0.430717$ & $0.745054$ & $0.69513$ & $1$ & $-0.0880341$ & $-0.0793862$ & $-0.0750865$ & $0.00208011$ & $0.63355$ & $0.805736$ & $0.0475503$ & $-0.00287855$ & $-0.0242794$ & $-0.0146178$ & $-0.135519$ & $-0.047046$ & $0.0721631$ & $-0.140282$ & $-0.312693$ & $-0.0737496$ & $-0.0176748$ & $-0.0510777$ & $-0.0330235$ & $-0.027703$ & $-0.00729783$ & $0.0372621$ & $0.0273851$ & $-0.0133595$ & $0.022165$ & $0.0250376$ & $0.0345975$ & $0.00641633$ & $0.0431411$ & $-0.0197651$ \\
CHe_11 & $-0.00194993$ & $-0.0199453$ & $0.0428168$ & $0.0218517$ & $-0.000722709$ & $-0.176192$ & $-0.0255728$ & $0.856316$ & $0.842482$ & $-0.351627$ & $-0.990422$ & $-0.0316282$ & $0.180079$ & $0.50564$ & $0.477939$ & $0.475805$ & $0.216437$ & $-0.0968159$ & $-0.0880341$ & $1$ & $0.97289$ & $0.952314$ & $-0.0166486$ & $-0.282528$ & $-0.0314638$ & $-0.54994$ & $0.250051$ & $0.329177$ & $-0.00487603$ & $0.0655987$ & $0.0535096$ & $-0.024641$ & $0.0680283$ & $0.308581$ & $0.0160916$ & $0.00340271$ & $-0.00118394$ & $-0.00462067$ & $0.0598367$ & $-0.0191714$ & $0.004635$ & $-0.016158$ & $0.0258721$ & $-0.0490617$ & $-0.0229553$ & $-0.00461736$ & $-0.00568771$ & $0.0386992$ & $-0.0181664$ \\
CHe_22 & $0.006199$ & $-0.0232363$ & $0.0369039$ & $0.0262275$ & $0.00187043$ & $-0.183042$ & $-0.0353334$ & $0.900023$ & $0.884339$ & $-0.385611$ & $-0.991438$ & $-0.0404657$ & $0.19649$ & $0.450146$ & $0.328195$ & $0.331324$ & $0.163908$ & $-0.0839553$ & $-0.0793862$ & $0.97289$ & $1$ & $0.975936$ & $0.0366641$ & $-0.386584$ & $-0.0424591$ & $-0.563568$ & $0.403962$ & $0.337286$ & $-0.00554757$ & $0.0665296$ & $0.0487275$ & $-0.0356317$ & $0.0657227$ & $0.473502$ & $0.0194743$ & $0.00240852$ & $0.00380623$ & $-0.0122869$ & $0.0541748$ & $-0.0218178$ & $0.0100213$ & $-0.0214315$ & $0.0234752$ & $-0.0477365$ & $-0.0221679$ & $-0.0116904$ & $-0.00452766$ & $0.0265124$ & $-0.016279$ \\
CHe_33 & $-0.00194043$ & $-0.020055$ & $0.0296958$ & $0.0238255$ & $0.0117407$ & $-0.177501$ & $-0.0369837$ & $0.882527$ & $0.8674$ & $-0.379674$ & $-0.970494$ & $-0.0415576$ & $0.192855$ & $0.437891$ & $0.314474$ & $0.346511$ & $0.15806$ & $-0.078333$ & $-0.0750865$ & $0.952314$ & $0.975936$ & $1$ & $0.0392559$ & $-0.380486$ & $-0.0383842$ & $-0.551751$ & $0.402909$ & $0.323904$ & $-0.00359626$ & $0.0630078$ & $0.0438688$ & $-0.0385527$ & $0.0650112$ & $0.472976$ & $0.0205584$ & $0.000214614$ & $0.00491207$ & $-0.00584499$ & $0.0464146$ & $-0.0223535$ & $0.0176343$ & $-0.0203441$ & $0.020928$ & $-0.0415579$ & $-0.0214015$ & $-0.0139624$ & $-0.00447424$ & $0.0289221$ & $-0.0125714$ \\
CHQ1_11 & $0.004273$ & $-0.02116$ & $0.00394185$ & $-0.0146406$ & $-0.000528831$ & $-0.00425879$ & $-0.0131297$ & $0.0588862$ & $0.0637862$ & $-0.0546438$ & $-0.0102617$ & $-0.00829806$ & $0.0164969$ & $-0.0665868$ & $-0.194824$ & $-0.159195$ & $-0.0651475$ & $0.0322541$ & $0.00208011$ & $-0.0166486$ & $0.0366641$ & $0.0392559$ & $1$ & $-0.113044$ & $0.0855912$ & $-0.684523$ & $0.348126$ & $0.0156479$ & $0.00757583$ & $0.00905894$ & $-0.00494982$ & $-0.00435476$ & $0.0173527$ & $0.213913$ & $0.0744471$ & $-0.0249087$ & $0.0202364$ & $-0.00701898$ & $0.0169391$ & $-0.0539721$ & $0.00185123$ & $0.0393886$ & $0.0425401$ & $-0.0148717$ & $-0.0397174$ & $-0.0211908$ & $0.00458932$ & $-0.0290501$ & $0.0211219$ \\
CHQ1_33 & $-0.0715599$ & $0.0114612$ & $0.00136489$ & $0.0188313$ & $-0.00796548$ & $0.0170609$ & $0.104385$ & $-0.68647$ & $-0.673962$ & $0.570644$ & $0.334059$ & $-0.241448$ & $-0.424982$ & $0.478648$ & $0.0585695$ & $0.0918325$ & $0.676645$ & $0.6298$ & $0.63355$ & $-0.282528$ & $-0.386584$ & $-0.380486$ & $-0.113044$ & $1$ & $0.654759$ & $0.207495$ & $-0.419614$ & $-0.0216778$ & $-0.0229602$ & $-0.116418$ & $-0.0493881$ & $0.0858383$ & $-0.112567$ & $-0.61427$ & $-0.0666233$ & $0.00337379$ & $-0.0151129$ & $-0.0108219$ & $-0.0364108$ & $0.0114707$ & $0.0108635$ & $0.0363428$ & $0.00517884$ & $0.031085$ & $0.0333727$ & $0.0254052$ & $0.00987481$ & $0.0669074$ & $-0.00828067$ \\
CHQ3_11 & $-0.104373$ & $-0.00655877$ & $0.0140459$ & $0.0367669$ & $0.0252064$ & $-0.0955936$ & $0.108601$ & $-0.414704$ & $-0.409849$ & $0.472845$ & $0.0375366$ & $-0.34381$ & $-0.429148$ & $0.611213$ & $-0.184496$ & $-0.126503$ & $0.792756$ & $0.811992$ & $0.805736$ & $-0.0314638$ & $-0.0424591$ & $-0.0383842$ & $0.0855912$ & $0.654759$ & $1$ & $0.0184757$ & $0.193721$ & $0.00120481$ & $-0.0254675$ & $-0.149376$ & $-0.0510086$ & $0.078004$ & $-0.130394$ & $-0.173882$ & $-0.0604569$ & $-0.0195202$ & $-0.0292758$ & $-0.0519932$ & $-0.00401697$ & $-0.00437689$ & $0.0417584$ & $0.0335468$ & $0.00206453$ & $0.0252073$ & $0.0135889$ & $-0.00150627$ & $0.0241789$ & $0.0513501$ & $0.00830838$ \\
CHu_11 & $-0.0164146$ & $0.0176426$ & $-0.0162406$ & $0.0167145$ & $-0.00705283$ & $0.0920951$ & $0.021701$ & $-0.507058$ & $-0.500203$ & $0.224368$ & $0.561964$ & $0.0270043$ & $-0.11248$ & $-0.263921$ & $-0.179038$ & $-0.192519$ & $-0.09606$ & $0.0366147$ & $0.0475503$ & $-0.54994$ & $-0.563568$ & $-0.551751$ & $-0.684523$ & $0.207495$ & $0.0184757$ & $1$ & $-0.205907$ & $-0.187612$ & $-0.017186$ & $-0.0409988$ & $-0.0227479$ & $0.0158529$ & $-0.040656$ & $-0.271868$ & $-0.079197$ & $0.030887$ & $-0.0375843$ & $-0.0108198$ & $-0.0280798$ & $0.0479682$ & $-0.00535875$ & $-0.013951$ & $-0.0322176$ & $0.0330907$ & $0.0470319$ & $0.0174486$ & $0.00800039$ & $-0.0131584$ & $0.00674912$ \\
CHd_11 & $0.0276127$ & $-0.0210649$ & $-0.00169661$ & $0.0411912$ & $0.0329386$ & $-0.103802$ & $-0.0454128$ & $0.441629$ & $0.435655$ & $-0.267363$ & $-0.324257$ & $-0.019592$ & $0.127095$ & $-0.0845577$ & $-0.388811$ & $-0.368766$ & $-0.13824$ & $0.010198$ & $-0.00287855$ & $0.250051$ & $0.403962$ & $0.402909$ & $0.348126$ & $-0.419614$ & $0.193721$ & $-0.205907$ & $1$ & $0.125583$ & $-0.001838$ & $0.0275056$ & $0.0139339$ & $-0.0474787$ & $0.0363964$ & $0.703887$ & $0.0107185$ & $-0.00560411$ & $0.00100802$ & $-0.060018$ & $0.0400513$ & $-0.0167092$ & $0.0159733$ & $0.00254409$ & $0.0204469$ & $-0.0173105$ & $-0.012515$ & $-0.0378493$ & $0.0165208$ & $-0.037025$ & $0.0255997$ \\
CHd_33 & $0.0263541$ & $-0.0131835$ & $0.0122389$ & $0.0148356$ & $0.00184536$ & $-0.059528$ & $-0.00907677$ & $0.298535$ & $0.298944$ & $-0.103956$ & $-0.335933$ & $0.00713768$ & $0.0798909$ & $0.164064$ & $0.109569$ & $0.127604$ & $0.0722281$ & $-0.0126709$ & $-0.0242794$ & $0.329177$ & $0.337286$ & $0.323904$ & $0.0156479$ & $-0.0216778$ & $0.00120481$ & $-0.187612$ & $0.125583$ & $1$ & $0.00514633$ & $0.0462399$ & $0.0283209$ & $-0.010988$ & $0.0407594$ & $0.160613$ & $-0.000311574$ & $0.0053344$ & $0.0129877$ & $-0.0178245$ & $0.00835042$ & $-0.0368365$ & $0.0134225$ & $-0.0196455$ & $0.0154896$ & $-0.046976$ & $-0.00559337$ & $-0.0150465$ & $0.0283003$ & $0.0100822$ & $0.0208363$ \\
CeH_22r & $-0.0069795$ & $-0.0108059$ & $-0.00423933$ & $0.00391057$ & $0.0195276$ & $0.00977037$ & $0.000686917$ & $0.0091975$ & $0.0138133$ & $-0.0146176$ & $0.00522714$ & $0.0411505$ & $0.0349389$ & $-0.0286597$ & $0.0148353$ & $-0.0220319$ & $-0.0291502$ & $-0.0359545$ & $-0.0146178$ & $-0.00487603$ & $-0.00554757$ & $-0.00359626$ & $0.00757583$ & $-0.0229602$ & $-0.0254675$ & $-0.017186$ & $-0.001838$ & $0.00514633$ & $1$ & $0.0170359$ & $0.0283761$ & $-0.00445973$ & $0.0475748$ & $-0.00578775$ & $0.0147836$ & $0.000184749$ & $-0.00757579$ & $0.0040779$ & $-0.0300769$ & $-0.0132044$ & $0.0268989$ & $-0.00899376$ & $-0.00227436$ & $0.0108141$ & $-0.0111904$ & $-0.015631$ & $0.0134082$ & $0.026053$ & $0.00700208$ \\
CeH_33r & $0.0655419$ & $-0.0187582$ & $0.0494365$ & $0.0435943$ & $-0.0121548$ & $0.000875609$ & $-0.164102$ & $0.121642$ & $0.140782$ & $-0.141442$ & $-0.0650784$ & $0.352763$ & $0.289672$ & $-0.0924157$ & $0.0482906$ & $0.0346585$ & $-0.111934$ & $-0.138731$ & $-0.135519$ & $0.0655987$ & $0.0665296$ & $0.0630078$ & $0.00905894$ & $-0.116418$ & $-0.149376$ & $-0.0409988$ & $0.0275056$ & $0.0462399$ & $0.0170359$ & $1$ & $0.324415$ & $-0.0165569$ & $0.681065$ & $0.0606503$ & $-0.0168531$ & $-0.0169114$ & $-0.159035$ & $-0.0126403$ & $0.0679715$ & $0.0247922$ & $-0.0141017$ & $-0.00679446$ & $-0.00310424$ & $0.0201385$ & $0.051032$ & $0.022285$ & $-0.0586601$ & $-0.039104$ & $0.0358043$ \\
CuH_22r & $0.0450615$ & $-0.0337459$ & $0.0474233$ & $0.0243769$ & $-0.0284284$ & $-0.0406363$ & $-0.0560734$ & $0.0654939$ & $0.0780778$ & $-0.0731153$ & $-0.0502729$ & $0.109476$ & $0.109528$ & $-0.0186189$ & $0.0447348$ & $0.0258803$ & $-0.0358595$ & $-0.057771$ & $-0.047046$ & $0.0535096$ & $0.0487275$ & $0.0438688$ & $-0.00494982$ & $-0.0493881$ & $-0.0510086$ & $-0.0227479$ & $0.0139339$ & $0.0283209$ & $0.0283761$ & $0.324415$ & $1$ & $0.0301669$ & $0.349144$ & $0.0151276$ & $-0.0684193$ & $0.000549218$ & $-0.100821$ & $-0.0440747$ & $0.0270752$ & $0.0150265$ & $0.0624732$ & $0.0154198$ & $0.0295967$ & $0.0140792$ & $-0.0753489$ & $0.0799312$ & $0.233288$ & $-0.0614243$ & $-0.0251198$ \\
CuH_33r & $-0.0822686$ & $-0.0292212$ & $-0.0328214$ & $0.0509008$ & $-0.00661376$ & $-0.0214059$ & $0.939308$ & $-0.0671081$ & $-0.021034$ & $0.0413622$ & $0.0297725$ & $-0.19026$ & $-0.263464$ & $0.0569577$ & $0.0183305$ & $0.00227363$ & $0.073841$ & $0.0594139$ & $0.0721631$ & $-0.024641$ & $-0.0356317$ & $-0.0385527$ & $-0.00435476$ & $0.0858383$ & $0.078004$ & $0.0158529$ & $-0.0474787$ & $-0.010988$ & $-0.00445973$ & $-0.0165569$ & $0.0301669$ & $1$ & $-0.00614462$ & $-0.071865$ & $-0.052563$ & $0.00252793$ & $-0.0015912$ & $-0.051623$ & $-0.00710788$ & $0.00648775$ & $0.0323508$ & $0.0158688$ & $0.04443$ & $-0.0210479$ & $-0.0618232$ & $0.0139958$ & $0.029243$ & $-0.090718$ & $0.00145799$ \\
CdH_33r & $0.111$ & $0.0153312$ & $0.0848143$ & $0.0773275$ & $-0.0175617$ & $-0.00165485$ & $-0.186336$ & $0.116753$ & $0.133754$ & $-0.145855$ & $-0.0653427$ & $0.393029$ & $0.330064$ & $-0.0788185$ & $0.0508265$ & $0.058608$ & $-0.107308$ & $-0.128008$ & $-0.140282$ & $0.0680283$ & $0.0657227$ & $0.0650112$ & $0.0173527$ & $-0.112567$ & $-0.130394$ & $-0.040656$ & $0.0363964$ & $0.0407594$ & $0.0475748$ & $0.681065$ & $0.349144$ & $-0.00614462$ & $1$ & $0.0566496$ & $-0.00156656$ & $-0.0285842$ & $-0.205179$ & $-0.0118886$ & $0.120329$ & $0.0185686$ & $-0.0244402$ & $-0.00724827$ & $-0.0221376$ & $0.0599272$ & $0.100099$ & $0.00418781$ & $-0.118831$ & $0.0503716$ & $0.431106$ \\
CLL_1221 & $0.0389547$ & $0.0155976$ & $-0.0214126$ & $0.0304652$ & $0.00774301$ & $-0.128318$ & $-0.0735466$ & $0.562234$ & $0.551495$ & $-0.349994$ & $-0.389039$ & $0.0480821$ & $0.230166$ & $-0.184796$ & $-0.579492$ & $-0.103583$ & $-0.221465$ & $0.0538584$ & $-0.312693$ & $0.308581$ & $0.473502$ & $0.472976$ & $0.213913$ & $-0.61427$ & $-0.173882$ & $-0.271868$ & $0.703887$ & $0.160613$ & $-0.00578775$ & $0.0606503$ & $0.0151276$ & $-0.071865$ & $0.0566496$ & $1$ & $0.0380053$ & $-0.00309144$ & $0.0323299$ & $-0.0240855$ & $0.0106801$ & $-0.0135449$ & $0.0124095$ & $-0.0307973$ & $-0.00703326$ & $-0.0065682$ & $-0.0302746$ & $-0.0544075$ & $0.00852375$ & $-0.0272175$ & $0.0138196$ \\
eHggint & $-0.0683628$ & $0.0783667$ & $-0.0391574$ & $0.042878$ & $-0.0346193$ & $0.0228893$ & $-0.11973$ & $0.0467753$ & $0.0285807$ & $-0.0212835$ & $-0.0173408$ & $0.124692$ & $0.108598$ & $-0.0321073$ & $-0.000501465$ & $0.0178845$ & $-0.0718007$ & $-0.0545296$ & $-0.0737496$ & $0.0160916$ & $0.0194743$ & $0.0205584$ & $0.0744471$ & $-0.0666233$ & $-0.0604569$ & $-0.079197$ & $0.0107185$ & $-0.000311574$ & $0.0147836$ & $-0.0168531$ & $-0.0684193$ & $-0.052563$ & $-0.00156656$ & $0.0380053$ & $1$ & $-0.0463824$ & $0.0357758$ & $0.0652736$ & $-0.00601303$ & $-0.0345141$ & $0.145318$ & $-0.00675211$ & $0.00940671$ & $-0.0357732$ & $-0.0105937$ & $-0.286409$ & $-0.0915964$ & $0.0246147$ & $0.0128452$ \\
eHggpar & $-0.0698906$ & $0.00379615$ & $0.0577659$ & $-0.0387865$ & $-0.00930944$ & $0.00767961$ & $-0.0382139$ & $0.00821716$ & $0.00539305$ & $0.0254616$ & $-0.0011196$ & $0.0444958$ & $0.0105279$ & $0.00131735$ & $0.00560233$ & $0.0107322$ & $-0.0237303$ & $-0.0147573$ & $-0.0176748$ & $0.00340271$ & $0.00240852$ & $0.000214614$ & $-0.0249087$ & $0.00337379$ & $-0.0195202$ & $0.030887$ & $-0.00560411$ & $0.0053344$ & $0.000184749$ & $-0.0169114$ & $0.000549218$ & $0.00252793$ & $-0.0285842$ & $-0.00309144$ & $-0.0463824$ & $1$ & $0.0338431$ & $-0.0362284$ & $-0.0537721$ & $0.021724$ & $-0.130031$ & $-0.0841692$ & $0.0748382$ & $0.081627$ & $0.0146161$ & $0.0909356$ & $0.0130566$ & $0.0571075$ & $-0.0456305$ \\
eHWWint & $-0.19009$ & $0.039789$ & $-0.05777$ & $-0.0721195$ & $-0.0190051$ & $0.0129187$ & $0.0303449$ & $0.0211595$ & $0.021143$ & $-0.0141744$ & $-0.00041863$ & $0.0230647$ & $0.0252139$ & $-0.03128$ & $-0.0126694$ & $0.0206045$ & $-0.0393203$ & $-0.0270399$ & $-0.0510777$ & $-0.00118394$ & $0.00380623$ & $0.00491207$ & $0.0202364$ & $-0.0151129$ & $-0.0292758$ & $-0.0375843$ & $0.00100802$ & $0.0129877$ & $-0.00757579$ & $-0.159035$ & $-0.100821$ & $-0.0015912$ & $-0.205179$ & $0.0323299$ & $0.0357758$ & $0.0338431$ & $1$ & $-0.000754015$ & $-0.0863809$ & $-0.0263066$ & $-0.0744748$ & $0.00690152$ & $0.0514587$ & $-0.117586$ & $-0.0914426$ & $-0.243434$ & $0.108956$ & $0.138264$ & $-0.138675$ \\
eHWWpar & $0.0153389$ & $-0.0607159$ & $0.00626108$ & $0.00420566$ & $-0.00248531$ & $0.00343156$ & $-0.0429845$ & $0.00207634$ & $0.00252213$ & $-0.0166793$ & $0.00625155$ & $0.0112979$ & $0.014183$ & $-0.0316293$ & $0.0341119$ & $0.0322698$ & $-0.0117973$ & $-0.0356583$ & $-0.0330235$ & $-0.00462067$ & $-0.0122869$ & $-0.00584499$ & $-0.00701898$ & $-0.0108219$ & $-0.0519932$ & $-0.0108198$ & $-0.060018$ & $-0.0178245$ & $0.0040779$ & $-0.0126403$ & $-0.0440747$ & $-0.051623$ & $-0.0118886$ & $-0.0240855$ & $0.0652736$ & $-0.0362284$ & $-0.000754015$ & $1$ & $0.0121677$ & $0.0109869$ & $-0.0376848$ & $0.0198315$ & $0.0290382$ & $0.00782322$ & $0.0298404$ & $0.0118479$ & $-0.0499607$ & $0.010063$ & $0.0299021$ \\
eHZZint & $0.0794588$ & $0.0512144$ & $0.153307$ & $0.290166$ & $-0.00917587$ & $-0.0213073$ & $-0.0326393$ & $0.055457$ & $0.0634583$ & $-0.0409703$ & $-0.0539108$ & $0.0449968$ & $0.0448081$ & $0.0118142$ & $0.0440946$ & $0.0322773$ & $-0.00693939$ & $-0.0326497$ & $-0.027703$ & $0.0598367$ & $0.0541748$ & $0.0464146$ & $0.0169391$ & $-0.0364108$ & $-0.00401697$ & $-0.0280798$ & $0.0400513$ & $0.00835042$ & $-0.0300769$ & $0.0679715$ & $0.0270752$ & $-0.00710788$ & $0.120329$ & $0.0106801$ & $-0.00601303$ & $-0.0537721$ & $-0.0863809$ & $0.0121677$ & $1$ & $-0.003799$ & $0.0203127$ & $-0.0185085$ & $0.191143$ & $-0.203392$ & $-5.70023e-06$ & $0.10528$ & $-0.0535555$ & $0.0112331$ & $0.110105$ \\
eHZZpar & $-0.000483152$ & $-0.0333139$ & $0.0511841$ & $0.0800671$ & $0.00807098$ & $0.0221508$ & $0.00537463$ & $-0.0163467$ & $-0.01341$ & $-0.00310857$ & $0.0188387$ & $-0.00236628$ & $0.00155928$ & $-0.000159068$ & $-0.00764806$ & $0.00374546$ & $-0.0113922$ & $0.0026371$ & $-0.00729783$ & $-0.0191714$ & $-0.0218178$ & $-0.0223535$ & $-0.0539721$ & $0.0114707$ & $-0.00437689$ & $0.0479682$ & $-0.0167092$ & $-0.0368365$ & $-0.0132044$ & $0.0247922$ & $0.0150265$ & $0.00648775$ & $0.0185686$ & $-0.0135449$ & $-0.0345141$ & $0.021724$ & $-0.0263066$ & $0.0109869$ & $-0.003799$ & $1$ & $-0.0031296$ & $-0.0255795$ & $-0.0168022$ & $-0.0298463$ & $0.0355192$ & $0.0373369$ & $0.00780824$ & $-0.0650451$ & $0.0226481$ \\
eHZgaint & $-0.131451$ & $-0.0179592$ & $-0.121286$ & $0.0654021$ & $0.0237228$ & $0.0323986$ & $0.0367649$ & $-0.0042326$ & $-0.00107673$ & $-0.0356702$ & $-0.0077058$ & $-0.0726758$ & $-0.0570475$ & $0.026629$ & $-0.0253449$ & $-0.02265$ & $0.020565$ & $0.0359382$ & $0.0372621$ & $0.004635$ & $0.0100213$ & $0.0176343$ & $0.00185123$ & $0.0108635$ & $0.0417584$ & $-0.00535875$ & $0.0159733$ & $0.0134225$ & $0.0268989$ & $-0.0141017$ & $0.0624732$ & $0.0323508$ & $-0.0244402$ & $0.0124095$ & $0.145318$ & $-0.130031$ & $-0.0744748$ & $-0.0376848$ & $0.0203127$ & $-0.0031296$ & $1$ & $0.0558866$ & $0.0241792$ & $0.132395$ & $-0.0757703$ & $-0.0846131$ & $0.174803$ & $0.00741092$ & $-0.0323506$ \\
eHZgapar & $0.0170926$ & $0.00512539$ & $-0.00416921$ & $-0.012432$ & $0.00910977$ & $-0.00305775$ & $0.0155365$ & $-0.030616$ & $-0.0308542$ & $0.0436536$ & $0.0195844$ & $0.00721988$ & $-0.0213605$ & $0.0211278$ & $-0.00265137$ & $-0.00682489$ & $0.0106044$ & $0.0216162$ & $0.0273851$ & $-0.016158$ & $-0.0214315$ & $-0.0203441$ & $0.0393886$ & $0.0363428$ & $0.0335468$ & $-0.013951$ & $0.00254409$ & $-0.0196455$ & $-0.00899376$ & $-0.00679446$ & $0.0154198$ & $0.0158688$ & $-0.00724827$ & $-0.0307973$ & $-0.00675211$ & $-0.0841692$ & $0.00690152$ & $0.0198315$ & $-0.0185085$ & $-0.0255795$ & $0.0558866$ & $1$ & $-0.0229557$ & $-0.0501559$ & $-0.0368802$ & $-0.00703353$ & $0.0116209$ & $0.0259136$ & $-0.0286678$ \\
eHgagaint & $-0.0152539$ & $-0.0124009$ & $0.16536$ & $0.100734$ & $0.0193667$ & $0.0119622$ & $0.0348253$ & $0.0245071$ & $0.0741954$ & $-0.0231562$ & $-0.0248547$ & $-0.0120197$ & $-0.00406773$ & $0.00844128$ & $0.0304487$ & $0.0281945$ & $-0.00314065$ & $-0.0186269$ & $-0.0133595$ & $0.0258721$ & $0.0234752$ & $0.020928$ & $0.0425401$ & $0.00517884$ & $0.00206453$ & $-0.0322176$ & $0.0204469$ & $0.0154896$ & $-0.00227436$ & $-0.00310424$ & $0.0295967$ & $0.04443$ & $-0.0221376$ & $-0.00703326$ & $0.00940671$ & $0.0748382$ & $0.0514587$ & $0.0290382$ & $0.191143$ & $-0.0168022$ & $0.0241792$ & $-0.0229557$ & $1$ & $-0.119208$ & $0.134224$ & $0.0465329$ & $0.0421199$ & $0.0157533$ & $-0.0411904$ \\
eHmumuint & $-0.0580107$ & $0.0192857$ & $-0.292698$ & $-0.172927$ & $0.000384572$ & $0.022164$ & $-0.0229852$ & $-0.0540004$ & $-0.060069$ & $0.014204$ & $0.0474263$ & $-0.0192125$ & $-0.0252628$ & $0.00154927$ & $-0.047221$ & $-0.0190967$ & $0.00540378$ & $0.0424576$ & $0.022165$ & $-0.0490617$ & $-0.0477365$ & $-0.0415579$ & $-0.0148717$ & $0.031085$ & $0.0252073$ & $0.0330907$ & $-0.0173105$ & $-0.046976$ & $0.0108141$ & $0.0201385$ & $0.0140792$ & $-0.0210479$ & $0.0599272$ & $-0.0065682$ & $-0.0357732$ & $0.081627$ & $-0.117586$ & $0.00782322$ & $-0.203392$ & $-0.0298463$ & $0.132395$ & $-0.0501559$ & $-0.119208$ & $1$ & $0.0212338$ & $0.0374815$ & $0.0193851$ & $0.0672595$ & $0.0829152$ \\
eHtautauint & $0.0510768$ & $-0.120362$ & $0.0721233$ & $0.186956$ & $-0.00711993$ & $-0.0253421$ & $-0.0512013$ & $-0.0253326$ & $-0.0211768$ & $0.0138029$ & $0.019157$ & $-0.00968063$ & $-0.00699$ & $-0.00478359$ & $0.0110917$ & $-0.0141964$ & $0.0290848$ & $0.00549076$ & $0.0250376$ & $-0.0229553$ & $-0.0221679$ & $-0.0214015$ & $-0.0397174$ & $0.0333727$ & $0.0135889$ & $0.0470319$ & $-0.012515$ & $-0.00559337$ & $-0.0111904$ & $0.051032$ & $-0.0753489$ & $-0.0618232$ & $0.100099$ & $-0.0302746$ & $-0.0105937$ & $0.0146161$ & $-0.0914426$ & $0.0298404$ & $-5.70023e-06$ & $0.0355192$ & $-0.0757703$ & $-0.0368802$ & $0.134224$ & $0.0212338$ & $1$ & $-0.18629$ & $-0.180846$ & $0.0797863$ & $0.225782$ \\
eHccint & $0.21877$ & $0.0434053$ & $-0.0550061$ & $-0.144893$ & $0.0401684$ & $-0.0404886$ & $0.0123717$ & $-0.026376$ & $-0.0222045$ & $0.0199676$ & $0.00665555$ & $-0.0400119$ & $-0.0521506$ & $0.0174126$ & $0.0408052$ & $0.00387239$ & $0.0336372$ & $0.00240582$ & $0.0345975$ & $-0.00461736$ & $-0.0116904$ & $-0.0139624$ & $-0.0211908$ & $0.0254052$ & $-0.00150627$ & $0.0174486$ & $-0.0378493$ & $-0.0150465$ & $-0.015631$ & $0.022285$ & $0.0799312$ & $0.0139958$ & $0.00418781$ & $-0.0544075$ & $-0.286409$ & $0.0909356$ & $-0.243434$ & $0.0118479$ & $0.10528$ & $0.0373369$ & $-0.0846131$ & $-0.00703353$ & $0.0465329$ & $0.0374815$ & $-0.18629$ & $1$ & $-0.113049$ & $-0.016553$ & $-0.0961042$ \\
eHccpar & $-0.0404368$ & $-0.0322117$ & $0.239914$ & $0.0521567$ & $-0.0187809$ & $0.0462504$ & $0.0446586$ & $-0.00788964$ & $-0.00278455$ & $0.00991324$ & $0.00727495$ & $-0.0263541$ & $-0.0319168$ & $0.0121417$ & $-0.0243724$ & $0.000816364$ & $-0.00379832$ & $0.0226352$ & $0.00641633$ & $-0.00568771$ & $-0.00452766$ & $-0.00447424$ & $0.00458932$ & $0.00987481$ & $0.0241789$ & $0.00800039$ & $0.0165208$ & $0.0283003$ & $0.0134082$ & $-0.0586601$ & $0.233288$ & $0.029243$ & $-0.118831$ & $0.00852375$ & $-0.0915964$ & $0.0130566$ & $0.108956$ & $-0.0499607$ & $-0.0535555$ & $0.00780824$ & $0.174803$ & $0.0116209$ & $0.0421199$ & $0.0193851$ & $-0.180846$ & $-0.113049$ & $1$ & $-0.12234$ & $-0.120531$ \\
eHbbint & $0.0187153$ & $0.198706$ & $-0.147719$ & $-0.0456884$ & $-0.0193918$ & $-0.0172118$ & $-0.0860244$ & $-0.0151832$ & $-0.0216531$ & $0.042385$ & $-0.0306034$ & $-0.00551744$ & $-0.0137195$ & $0.0742491$ & $0.0286061$ & $0.055227$ & $0.0784964$ & $0.0573971$ & $0.0431411$ & $0.0386992$ & $0.0265124$ & $0.0289221$ & $-0.0290501$ & $0.0669074$ & $0.0513501$ & $-0.0131584$ & $-0.037025$ & $0.0100822$ & $0.026053$ & $-0.039104$ & $-0.0614243$ & $-0.090718$ & $0.0503716$ & $-0.0272175$ & $0.0246147$ & $0.0571075$ & $0.138264$ & $0.010063$ & $0.0112331$ & $-0.0650451$ & $0.00741092$ & $0.0259136$ & $0.0157533$ & $0.0672595$ & $0.0797863$ & $-0.016553$ & $-0.12234$ & $1$ & $-0.0999892$ \\
eHbbpar & $0.0819218$ & $0.010772$ & $0.140441$ & $0.141203$ & $0.0342167$ & $-0.0316256$ & $-0.0051234$ & $-0.00979456$ & $-0.0119755$ & $-0.00148285$ & $0.0193512$ & $-0.0126427$ & $-0.0139547$ & $-0.0224063$ & $-0.0143941$ & $0.00516156$ & $-0.0054719$ & $1.24402e-05$ & $-0.0197651$ & $-0.0181664$ & $-0.016279$ & $-0.0125714$ & $0.0211219$ & $-0.00828067$ & $0.00830838$ & $0.00674912$ & $0.0255997$ & $0.0208363$ & $0.00700208$ & $0.0358043$ & $-0.0251198$ & $0.00145799$ & $0.431106$ & $0.0138196$ & $0.0128452$ & $-0.0456305$ & $-0.138675$ & $0.0299021$ & $0.110105$ & $0.0226481$ & $-0.0323506$ & $-0.0286678$ & $-0.0411904$ & $0.0829152$ & $0.225782$ & $-0.0961042$ & $-0.120531$ & $-0.0999892$ & $1$ \\
