 & AlsMz & dAle5Mz & mtop & mHl & Mz & CW & CHG & CHWB & CHWHB_gaga & CHWHB_gagaorth & CHD & CHbox & CH & CHL1_11 & CHL1_22 & CHL1_33 & CHL3_11 & CHL3_22 & CHL3_33 & CHe_11 & CHe_22 & CHe_33 & CHQ1_11 & CHQ1_33 & CHQ3_11 & CHu_11 & CHd_11 & CHd_33 & CeH_22r & CeH_33r & CuH_22r & CuH_33r & CdH_33r & CLL_1221 & eHggint & eHggpar & eHWWint & eHWWpar & eHZZint & eHZZpar & eHZgaint & eHZgapar & eHgagaint & eHmumuint & eHtautauint & eHccint & eHccpar & eHbbint & eHbbpar \\
AlsMz & $1$ & $-0.0637701$ & $0.0566466$ & $-0.000685413$ & $0.0308942$ & $0.0581596$ & $-0.0160549$ & $-0.018575$ & $-0.0319561$ & $-0.00473118$ & $0.0320648$ & $0.0136159$ & $0.00115728$ & $-0.0260207$ & $-0.0211621$ & $-0.0242584$ & $-0.0510097$ & $-0.0204406$ & $-0.0170932$ & $-0.0414047$ & $-0.0400744$ & $-0.0405832$ & $-0.00860328$ & $-0.0543736$ & $-0.100698$ & $0.00182394$ & $0.00051243$ & $-0.0345432$ & $-0.0249548$ & $-0.00761894$ & $0.0498362$ & $-0.00444932$ & $0.00166315$ & $-0.00911406$ & $-0.00260389$ & $0.267934$ & $0.0141277$ & $0.00368256$ & $0.00461198$ & $-0.0466358$ & $-0.0971069$ & $-0.0198403$ & $-0.161325$ & $-0.118343$ & $0.0664328$ & $-0.00533583$ & $0.161282$ & $0.149589$ & $-0.0412121$ \\
dAle5Mz & $-0.0637701$ & $1$ & $-0.0525457$ & $0.031805$ & $0.017045$ & $0.00757749$ & $0.00335839$ & $-0.0479537$ & $-0.0466028$ & $-0.00439428$ & $0.0410419$ & $-0.0142064$ & $-0.0224557$ & $-0.0154258$ & $-0.0322638$ & $-0.00567736$ & $0.00536531$ & $0.0164594$ & $-0.000933068$ & $-0.0263093$ & $-0.0196528$ & $-0.0248501$ & $0.00357055$ & $0.00122165$ & $0.00792831$ & $0.0123032$ & $-0.00655053$ & $-0.0226666$ & $-0.00272822$ & $0.00409106$ & $0.0478172$ & $0.00530734$ & $-0.012911$ & $0.0291704$ & $-0.0228807$ & $0.106637$ & $-0.0112031$ & $-0.0393167$ & $0.028559$ & $0.0320743$ & $0.269345$ & $0.0223454$ & $-0.0339225$ & $-0.0595056$ & $-0.0717105$ & $-0.105213$ & $-0.00200621$ & $-0.238805$ & $0.0388392$ \\
mtop & $0.0566466$ & $-0.0525457$ & $1$ & $-0.165998$ & $-0.0200724$ & $-0.00197133$ & $-0.0182304$ & $0.0205034$ & $0.0161665$ & $-0.00557527$ & $-0.0134255$ & $0.0128491$ & $0.0145719$ & $-0.00405105$ & $0.0101483$ & $0.00491476$ & $0.00648941$ & $-0.00804522$ & $-0.000878152$ & $0.0171391$ & $0.0171979$ & $0.029516$ & $0.0143202$ & $-0.00679875$ & $-0.00221028$ & $-0.0216239$ & $0.0187244$ & $0.0266049$ & $0.0171373$ & $0.0289134$ & $-0.00798701$ & $-0.0247896$ & $-0.0180708$ & $0.0145848$ & $-0.0602979$ & $-0.0716938$ & $-0.0476922$ & $-0.00459621$ & $-0.0182455$ & $0.00640322$ & $0.0333096$ & $0.00596458$ & $-0.15414$ & $-0.0485281$ & $0.0301025$ & $-0.144842$ & $0.0494013$ & $0.15366$ & $-0.185054$ \\
mHl & $-0.000685413$ & $0.031805$ & $-0.165998$ & $1$ & $0.00892055$ & $-0.00828272$ & $-0.0275644$ & $0.0303597$ & $0.0254797$ & $-0.018944$ & $-0.0360948$ & $-0.0137809$ & $0.0021876$ & $0.0149853$ & $-0.0180629$ & $0.012518$ & $0.0120273$ & $0.0190843$ & $-0.00348376$ & $0.0339419$ & $0.0373189$ & $0.0348584$ & $0.0202768$ & $-0.0142342$ & $0.00554483$ & $-0.0364143$ & $0.0256751$ & $-0.00456202$ & $0.000970706$ & $0.0249236$ & $0.0213071$ & $-0.0130105$ & $0.00766854$ & $0.0427239$ & $-0.0015322$ & $0.0839569$ & $-0.176989$ & $-0.0172184$ & $-0.104428$ & $0.0357893$ & $-0.050333$ & $0.0121579$ & $-0.0516024$ & $-0.0674659$ & $-0.130738$ & $-0.0213136$ & $-0.0892029$ & $-0.143647$ & $-0.0575416$ \\
Mz & $0.0308942$ & $0.017045$ & $-0.0200724$ & $0.00892055$ & $1$ & $0.0130895$ & $0.00351319$ & $0.00984881$ & $0.00976603$ & $-0.0125154$ & $-0.00259213$ & $-0.0224126$ & $0.000709021$ & $0.0084675$ & $0.0127832$ & $0.009283$ & $-0.00541099$ & $-0.0108042$ & $-0.00162276$ & $0.0102319$ & $0.00981925$ & $0.0104737$ & $-0.0227271$ & $-0.0102031$ & $-0.0082585$ & $0.00885847$ & $-0.00218109$ & $0.0224052$ & $-0.0177539$ & $0.00611623$ & $0.0129501$ & $0.000887931$ & $0.0114891$ & $-0.0080525$ & $-0.0164486$ & $0.00480601$ & $0.0122292$ & $0.00268357$ & $0.00850979$ & $0.0127087$ & $0.0191249$ & $0.0180654$ & $-0.00858118$ & $-0.0134122$ & $-0.0378155$ & $0.00606085$ & $0.00760766$ & $-0.0124087$ & $0.0132146$ \\
CW & $0.0581596$ & $0.00757749$ & $-0.00197133$ & $-0.00828272$ & $0.0130895$ & $1$ & $0.00739796$ & $-0.135044$ & $-0.130118$ & $0.0314092$ & $0.178913$ & $0.0410661$ & $-0.0155286$ & $0.042019$ & $-0.0891374$ & $-0.0636112$ & $-0.223493$ & $-0.0107867$ & $-0.0338249$ & $-0.174337$ & $-0.183267$ & $-0.186948$ & $-0.0334488$ & $0.030922$ & $-0.066336$ & $0.122799$ & $-0.0883193$ & $-0.0481946$ & $-0.0102101$ & $-0.0124047$ & $-0.00709901$ & $0.00822946$ & $-0.0113132$ & $-0.119492$ & $-0.0146445$ & $0.0441669$ & $0.0477093$ & $-0.00213613$ & $0.0289369$ & $-0.00908027$ & $0.0191779$ & $0.00690537$ & $-0.0313127$ & $0.030822$ & $0.0104581$ & $-0.00403558$ & $0.019554$ & $0.0270752$ & $-0.0129347$ \\
CHG & $-0.0160549$ & $0.00335839$ & $-0.0182304$ & $-0.0275644$ & $0.00351319$ & $0.00739796$ & $1$ & $-0.122629$ & $-0.0760811$ & $0.0930536$ & $0.0710106$ & $-0.120045$ & $-0.304736$ & $0.0731839$ & $-0.019224$ & $-0.0362392$ & $0.103186$ & $0.11289$ & $0.129321$ & $-0.0688047$ & $-0.0731787$ & $-0.0735585$ & $0.00771868$ & $0.139367$ & $0.116406$ & $0.0293379$ & $-0.0477689$ & $-0.00224982$ & $-0.00998605$ & $-0.122133$ & $-0.0642595$ & $0.936046$ & $-0.16598$ & $-0.0878401$ & $-0.0204816$ & $0.0186851$ & $0.0755393$ & $0.0171191$ & $0.0736867$ & $0.0291968$ & $-0.0128579$ & $-0.0105737$ & $0.00209887$ & $0.0050055$ & $-0.0305709$ & $-0.013228$ & $-0.0160385$ & $0.0315806$ & $-0.00501701$ \\
CHWB & $-0.018575$ & $-0.0479537$ & $0.0205034$ & $0.0303597$ & $0.00984881$ & $-0.135044$ & $-0.122629$ & $1$ & $0.985903$ & $-0.583898$ & $-0.88159$ & $-0.111236$ & $0.363562$ & $0.0942684$ & $0.318346$ & $0.28232$ & $-0.260392$ & $-0.461447$ & $-0.441735$ & $0.852561$ & $0.899075$ & $0.883746$ & $0.0658032$ & $-0.679069$ & $-0.40537$ & $-0.510921$ & $0.445086$ & $0.300607$ & $0.0175379$ & $0.120108$ & $0.0623941$ & $-0.118121$ & $0.134543$ & $0.564497$ & $-0.0336468$ & $-0.00267561$ & $0.00442141$ & $0.0163$ & $-0.0106979$ & $0.0177319$ & $-0.00860182$ & $0.013368$ & $0.0162822$ & $-0.000243247$ & $0.025299$ & $0.0107197$ & $0.000576778$ & $0.00868654$ & $0.0132218$ \\
CHWHB_gaga & $-0.0319561$ & $-0.0466028$ & $0.0161665$ & $0.0254797$ & $0.00976603$ & $-0.130118$ & $-0.0760811$ & $0.985903$ & $1$ & $-0.574662$ & $-0.867726$ & $-0.0951981$ & $0.358506$ & $0.0906015$ & $0.314755$ & $0.277263$ & $-0.26006$ & $-0.457737$ & $-0.437141$ & $0.839623$ & $0.884926$ & $0.869983$ & $0.0685344$ & $-0.669883$ & $-0.398975$ & $-0.505051$ & $0.441057$ & $0.295615$ & $0.0269571$ & $0.143843$ & $0.0772582$ & $-0.0794391$ & $0.154207$ & $0.555721$ & $-0.0416206$ & $-0.0192802$ & $-0.00908978$ & $0.0175748$ & $-0.0132026$ & $0.0173884$ & $-0.0270932$ & $0.0164663$ & $0.0656051$ & $-0.00998071$ & $0.0249161$ & $0.0129604$ & $-0.00374341$ & $0.0010097$ & $0.00702584$ \\
CHWHB_gagaorth & $-0.00473118$ & $-0.00439428$ & $-0.00557527$ & $-0.018944$ & $-0.0125154$ & $0.0314092$ & $0.0930536$ & $-0.583898$ & $-0.574662$ & $1$ & $0.38186$ & $0.467323$ & $-0.248835$ & $0.210415$ & $-0.142001$ & $-0.133725$ & $0.423678$ & $0.488584$ & $0.488159$ & $-0.368626$ & $-0.39747$ & $-0.395051$ & $-0.0502665$ & $0.549693$ & $0.469614$ & $0.222024$ & $-0.250675$ & $-0.146433$ & $-0.0175735$ & $-0.130699$ & $-0.070903$ & $0.106206$ & $-0.152838$ & $-0.360713$ & $0.0525458$ & $-0.0301248$ & $-0.0151175$ & $-0.0144961$ & $0.0059122$ & $-0.0173538$ & $-0.0357898$ & $-0.00159372$ & $-0.0153516$ & $0.00819288$ & $-0.0419145$ & $-0.0104267$ & $0.00556328$ & $-0.0091843$ & $-0.0208797$ \\
CHD & $0.0320648$ & $0.0410419$ & $-0.0134255$ & $-0.0360948$ & $-0.00259213$ & $0.178913$ & $0.0710106$ & $-0.88159$ & $-0.867726$ & $0.38186$ & $1$ & $0.221036$ & $-0.186129$ & $-0.508161$ & $-0.444538$ & $-0.408397$ & $-0.191788$ & $0.0982813$ & $0.0809009$ & $-0.990662$ & $-0.991505$ & $-0.97038$ & $-0.00197886$ & $0.317651$ & $0.024616$ & $0.559344$ & $-0.31557$ & $-0.323502$ & $0.00255817$ & $-0.0753859$ & $-0.0383379$ & $0.0814508$ & $-0.0795799$ & $-0.363091$ & $0.0490791$ & $0.000665973$ & $0.00109068$ & $0.00112331$ & $0.0185763$ & $-0.0214667$ & $0.0176224$ & $-0.00347171$ & $-0.022371$ & $0.000312474$ & $-0.0299925$ & $-0.00902274$ & $0.00283035$ & $-0.00577759$ & $-0.00862674$ \\
CHbox & $0.0136159$ & $-0.0142064$ & $0.0128491$ & $-0.0137809$ & $-0.0224126$ & $0.0410661$ & $-0.120045$ & $-0.111236$ & $-0.0951981$ & $0.467323$ & $0.221036$ & $1$ & $0.442357$ & $-0.263702$ & $-0.0385099$ & $-0.0265566$ & $-0.231992$ & $-0.174924$ & $-0.177865$ & $-0.20713$ & $-0.223212$ & $-0.215058$ & $-0.01364$ & $-0.0675543$ & $-0.180455$ & $0.121683$ & $-0.0894601$ & $-0.100481$ & $0.0673204$ & $0.287225$ & $0.0620716$ & $-0.0210673$ & $0.348639$ & $-0.070913$ & $0.114375$ & $-0.0386511$ & $-0.0312293$ & $-0.000173302$ & $0.0180534$ & $-0.0381325$ & $-0.0131229$ & $0.019931$ & $-0.024606$ & $6.36606e-05$ & $-0.0547758$ & $-0.0303135$ & $0.00773795$ & $0.00422577$ & $-0.0368192$ \\
CH & $0.00115728$ & $-0.0224557$ & $0.0145719$ & $0.0021876$ & $0.000709021$ & $-0.0155286$ & $-0.304736$ & $0.363562$ & $0.358506$ & $-0.248835$ & $-0.186129$ & $0.442357$ & $1$ & $-0.237124$ & $0.0781889$ & $0.0833266$ & $-0.367811$ & $-0.392704$ & $-0.39581$ & $0.179468$ & $0.197235$ & $0.19879$ & $0.0238872$ & $-0.40903$ & $-0.382077$ & $-0.112804$ & $0.143095$ & $0.0370303$ & $0.0696812$ & $0.275862$ & $0.106393$ & $-0.249551$ & $0.343317$ & $0.230567$ & $0.0406605$ & $-0.0400227$ & $-0.0222577$ & $0.00769339$ & $0.00235059$ & $-0.0187855$ & $0.00517651$ & $0.0198106$ & $0.0135035$ & $-0.00554927$ & $-0.0164326$ & $-0.0253379$ & $-0.00150378$ & $0.00363232$ & $-0.0192184$ \\
CHL1_11 & $-0.0260207$ & $-0.0154258$ & $-0.00405105$ & $0.0149853$ & $0.0084675$ & $0.042019$ & $0.0731839$ & $0.0942684$ & $0.0906015$ & $0.210415$ & $-0.508161$ & $-0.263702$ & $-0.237124$ & $1$ & $0.284866$ & $0.271861$ & $0.664422$ & $0.592644$ & $0.594962$ & $0.528228$ & $0.469118$ & $0.450063$ & $-0.104045$ & $0.473558$ & $0.606493$ & $-0.255259$ & $-0.0938055$ & $0.14187$ & $-0.0451865$ & $-0.0431467$ & $-0.0375349$ & $0.0461327$ & $-0.0619242$ & $-0.22773$ & $-0.0476278$ & $0.010477$ & $-0.00495701$ & $-0.0352972$ & $-0.0200749$ & $0.00634202$ & $-0.0262896$ & $-0.0200764$ & $0.00383757$ & $0.00161181$ & $0.0123677$ & $-0.00247942$ & $-0.00578064$ & $7.54711e-05$ & $-0.0040495$ \\
CHL1_22 & $-0.0211621$ & $-0.0322638$ & $0.0101483$ & $-0.0180629$ & $0.0127832$ & $-0.0891374$ & $-0.019224$ & $0.318346$ & $0.314755$ & $-0.142001$ & $-0.444538$ & $-0.0385099$ & $0.0781889$ & $0.284866$ & $1$ & $0.449991$ & $0.169092$ & $-0.440248$ & $-0.0315931$ & $0.508122$ & $0.364366$ & $0.354021$ & $-0.168835$ & $0.104618$ & $-0.116689$ & $-0.207421$ & $-0.354651$ & $0.104214$ & $-0.00734841$ & $0.0317161$ & $-0.0115765$ & $-0.0157965$ & $0.0340602$ & $-0.573993$ & $0.00307033$ & $-0.0126153$ & $0.0220821$ & $-0.0236159$ & $0.0301456$ & $-0.0215974$ & $-0.0061023$ & $-0.0165379$ & $0.0223077$ & $8.73784e-05$ & $0.0302283$ & $-0.00399128$ & $-0.00422502$ & $0.0249179$ & $0.0163757$ \\
CHL1_33 & $-0.0242584$ & $-0.00567736$ & $0.00491476$ & $0.012518$ & $0.009283$ & $-0.0636112$ & $-0.0362392$ & $0.28232$ & $0.277263$ & $-0.133725$ & $-0.408397$ & $-0.0265566$ & $0.0833266$ & $0.271861$ & $0.449991$ & $1$ & $0.167129$ & $-0.021407$ & $-0.428628$ & $0.472852$ & $0.327786$ & $0.347809$ & $-0.193196$ & $0.112$ & $-0.118006$ & $-0.177331$ & $-0.388181$ & $0.109948$ & $-0.00706336$ & $0.0543965$ & $0.0149188$ & $-0.0298209$ & $0.0454912$ & $-0.108588$ & $-0.00953734$ & $-0.011481$ & $0.00477386$ & $-0.0134989$ & $-0.0131825$ & $-0.00414669$ & $0.0290462$ & $-0.00764583$ & $-0.00311329$ & $0.0226231$ & $-0.0193215$ & $-0.0133238$ & $-0.0139688$ & $0.0148848$ & $-0.0249026$ \\
CHL3_11 & $-0.0510097$ & $0.00536531$ & $0.00648941$ & $0.0120273$ & $-0.00541099$ & $-0.223493$ & $0.103186$ & $-0.260392$ & $-0.26006$ & $0.423678$ & $-0.191788$ & $-0.231992$ & $-0.367811$ & $0.664422$ & $0.169092$ & $0.167129$ & $1$ & $0.740178$ & $0.739094$ & $0.217048$ & $0.157745$ & $0.148607$ & $-0.084496$ & $0.691466$ & $0.791811$ & $-0.0839098$ & $-0.169181$ & $0.0411812$ & $-0.0283292$ & $-0.100367$ & $-0.0441715$ & $0.0700175$ & $-0.123435$ & $-0.281437$ & $-0.0247068$ & $-0.00783196$ & $-0.0108275$ & $-0.0300904$ & $-0.013105$ & $0.0162129$ & $-0.0171893$ & $-0.0108614$ & $0.0209741$ & $0.000330167$ & $0.0144276$ & $0.00140845$ & $-0.0132459$ & $-0.0154673$ & $-0.0101085$ \\
CHL3_22 & $-0.0204406$ & $0.0164594$ & $-0.00804522$ & $0.0190843$ & $-0.0108042$ & $-0.0107867$ & $0.11289$ & $-0.461447$ & $-0.457737$ & $0.488584$ & $0.0982813$ & $-0.174924$ & $-0.392704$ & $0.592644$ & $-0.440248$ & $-0.021407$ & $0.740178$ & $1$ & $0.680272$ & $-0.0974043$ & $-0.0960352$ & $-0.0968779$ & $-0.017317$ & $0.63547$ & $0.797722$ & $0.0625749$ & $-0.0401095$ & $-0.0332745$ & $-0.0320547$ & $-0.105073$ & $-0.0407193$ & $0.0825784$ & $-0.128223$ & $-0.00487279$ & $-0.0320425$ & $0.00575872$ & $-0.0249861$ & $-0.0168901$ & $-0.0362932$ & $0.0203823$ & $-0.0132459$ & $-0.00814464$ & $-0.00367476$ & $0.00318682$ & $-0.014443$ & $-0.00107652$ & $-0.00592382$ & $-0.0169114$ & $-0.0253516$ \\
CHL3_33 & $-0.0170932$ & $-0.000933068$ & $-0.000878152$ & $-0.00348376$ & $-0.00162276$ & $-0.0338249$ & $0.129321$ & $-0.441735$ & $-0.437141$ & $0.488159$ & $0.0809009$ & $-0.177865$ & $-0.39581$ & $0.594962$ & $-0.0315931$ & $-0.428628$ & $0.739094$ & $0.680272$ & $1$ & $-0.081266$ & $-0.0758111$ & $-0.0780808$ & $-0.00206564$ & $0.629339$ & $0.802904$ & $0.0501874$ & $-0.00788924$ & $-0.0392862$ & $-0.0299974$ & $-0.122643$ & $-0.0618231$ & $0.0978188$ & $-0.13742$ & $-0.360169$ & $-0.0193019$ & $0.00544231$ & $-0.00245603$ & $-0.025154$ & $-0.00360371$ & $0.00790532$ & $-0.0400274$ & $-0.0176351$ & $0.00927025$ & $-0.0138432$ & $0.0229379$ & $0.00411581$ & $-0.00107303$ & $-0.00713057$ & $0.00909568$ \\
CHe_11 & $-0.0414047$ & $-0.0263093$ & $0.0171391$ & $0.0339419$ & $0.0102319$ & $-0.174337$ & $-0.0688047$ & $0.852561$ & $0.839623$ & $-0.368626$ & $-0.990662$ & $-0.20713$ & $0.179468$ & $0.528228$ & $0.508122$ & $0.472852$ & $0.217048$ & $-0.0974043$ & $-0.081266$ & $1$ & $0.973471$ & $0.953322$ & $-0.0240361$ & $-0.262694$ & $-0.0149475$ & $-0.548924$ & $0.241408$ & $0.315549$ & $-0.0031513$ & $0.0736179$ & $0.0346085$ & $-0.079116$ & $0.0768371$ & $0.284107$ & $-0.0499527$ & $-0.00233126$ & $-0.00317886$ & $-0.000261855$ & $-0.0175646$ & $0.0203466$ & $-0.0111751$ & $0.00132228$ & $0.0245173$ & $0.00027799$ & $0.0282466$ & $0.00595301$ & $-0.00422482$ & $0.0085298$ & $0.00475188$ \\
CHe_22 & $-0.0400744$ & $-0.0196528$ & $0.0171979$ & $0.0373189$ & $0.00981925$ & $-0.183267$ & $-0.0731787$ & $0.899075$ & $0.884926$ & $-0.39747$ & $-0.991505$ & $-0.223212$ & $0.197235$ & $0.469118$ & $0.364366$ & $0.327786$ & $0.157745$ & $-0.0960352$ & $-0.0758111$ & $0.973471$ & $1$ & $0.97543$ & $0.0319754$ & $-0.373068$ & $-0.0320362$ & $-0.563917$ & $0.393338$ & $0.327303$ & $0.00111675$ & $0.0764253$ & $0.0405382$ & $-0.0844063$ & $0.0808816$ & $0.446593$ & $-0.0510661$ & $-0.000668138$ & $-0.00247175$ & $0.00274295$ & $-0.0181829$ & $0.0239916$ & $-0.0130302$ & $0.00584649$ & $0.0211416$ & $-0.00362988$ & $0.02984$ & $0.00595277$ & $-0.00394622$ & $-0.00293946$ & $0.0113297$ \\
CHe_33 & $-0.0405832$ & $-0.0248501$ & $0.029516$ & $0.0348584$ & $0.0104737$ & $-0.186948$ & $-0.0735585$ & $0.883746$ & $0.869983$ & $-0.395051$ & $-0.97038$ & $-0.215058$ & $0.19879$ & $0.450063$ & $0.354021$ & $0.347809$ & $0.148607$ & $-0.0968779$ & $-0.0780808$ & $0.953322$ & $0.97543$ & $1$ & $0.0266602$ & $-0.370714$ & $-0.0354939$ & $-0.547498$ & $0.387437$ & $0.3225$ & $0.00395925$ & $0.0777683$ & $0.0442173$ & $-0.0826155$ & $0.0833365$ & $0.445598$ & $-0.0493594$ & $-0.000868145$ & $0.00953619$ & $-0.00485161$ & $-0.025642$ & $0.0280507$ & $-0.0124573$ & $0.00382343$ & $0.0194706$ & $0.0033873$ & $0.031176$ & $0.00875159$ & $-0.00508349$ & $0.00109244$ & $0.0118023$ \\
CHQ1_11 & $-0.00860328$ & $0.00357055$ & $0.0143202$ & $0.0202768$ & $-0.0227271$ & $-0.0334488$ & $0.00771868$ & $0.0658032$ & $0.0685344$ & $-0.0502665$ & $-0.00197886$ & $-0.01364$ & $0.0238872$ & $-0.104045$ & $-0.168835$ & $-0.193196$ & $-0.084496$ & $-0.017317$ & $-0.00206564$ & $-0.0240361$ & $0.0319754$ & $0.0266602$ & $1$ & $-0.153149$ & $0.0673731$ & $-0.6744$ & $0.350167$ & $0.00931646$ & $-0.000279643$ & $-0.0104209$ & $0.00378958$ & $-1.72995e-05$ & $-0.00591766$ & $0.202996$ & $-0.0488528$ & $0.00974372$ & $0.00517933$ & $-0.0101048$ & $-0.0176362$ & $0.00965992$ & $-0.0137312$ & $0.0042763$ & $0.0159793$ & $-0.0292363$ & $0.0288591$ & $-0.00631117$ & $-0.00340798$ & $-0.0334992$ & $0.023745$ \\
CHQ1_33 & $-0.0543736$ & $0.00122165$ & $-0.00679875$ & $-0.0142342$ & $-0.0102031$ & $0.030922$ & $0.139367$ & $-0.679069$ & $-0.669883$ & $0.549693$ & $0.317651$ & $-0.0675543$ & $-0.40903$ & $0.473558$ & $0.104618$ & $0.112$ & $0.691466$ & $0.63547$ & $0.629339$ & $-0.262694$ & $-0.373068$ & $-0.370714$ & $-0.153149$ & $1$ & $0.647014$ & $0.220934$ & $-0.444242$ & $-0.0472701$ & $-0.0297421$ & $-0.11697$ & $-0.0740583$ & $0.116525$ & $-0.14128$ & $-0.650787$ & $-0.0171285$ & $-0.0107045$ & $-0.0018067$ & $-0.0250306$ & $-0.000948325$ & $0.00141451$ & $-0.000204875$ & $-0.0186132$ & $-0.00452908$ & $0.00979473$ & $-0.00865352$ & $-0.0122525$ & $-0.0145525$ & $0.00406552$ & $0.0019179$ \\
CHQ3_11 & $-0.100698$ & $0.00792831$ & $-0.00221028$ & $0.00554483$ & $-0.0082585$ & $-0.066336$ & $0.116406$ & $-0.40537$ & $-0.398975$ & $0.469614$ & $0.024616$ & $-0.180455$ & $-0.382077$ & $0.606493$ & $-0.116689$ & $-0.118006$ & $0.791811$ & $0.797722$ & $0.802904$ & $-0.0149475$ & $-0.0320362$ & $-0.0354939$ & $0.0673731$ & $0.647014$ & $1$ & $0.0237983$ & $0.183487$ & $-0.0248581$ & $-0.0231906$ & $-0.106458$ & $-0.0559726$ & $0.0829531$ & $-0.127599$ & $-0.225853$ & $-0.0405918$ & $-0.030152$ & $-0.0171788$ & $-0.0206977$ & $-0.0357584$ & $0.0100642$ & $-0.0277413$ & $0.00910872$ & $0.0211758$ & $0.00060889$ & $-0.00230088$ & $-0.000317068$ & $-0.0146498$ & $-0.0462391$ & $-0.0046055$ \\
CHu_11 & $0.00182394$ & $0.0123032$ & $-0.0216239$ & $-0.0364143$ & $0.00885847$ & $0.122799$ & $0.0293379$ & $-0.510921$ & $-0.505051$ & $0.222024$ & $0.559344$ & $0.121683$ & $-0.112804$ & $-0.255259$ & $-0.207421$ & $-0.177331$ & $-0.0839098$ & $0.0625749$ & $0.0501874$ & $-0.548924$ & $-0.563917$ & $-0.547498$ & $-0.6744$ & $0.220934$ & $0.0237983$ & $1$ & $-0.196788$ & $-0.174507$ & $0.00517735$ & $-0.04211$ & $-0.0290532$ & $0.0342463$ & $-0.0467555$ & $-0.254964$ & $0.0496334$ & $-0.0233526$ & $0.0029726$ & $0.0151953$ & $0.0149741$ & $-0.00803239$ & $0.0169995$ & $0.0134984$ & $-0.0135901$ & $0.0324337$ & $-0.0420148$ & $0.0134186$ & $0.00588066$ & $0.0110163$ & $-0.0257677$ \\
CHd_11 & $0.00051243$ & $-0.00655053$ & $0.0187244$ & $0.0256751$ & $-0.00218109$ & $-0.0883193$ & $-0.0477689$ & $0.445086$ & $0.441057$ & $-0.250675$ & $-0.31557$ & $-0.0894601$ & $0.143095$ & $-0.0938055$ & $-0.354651$ & $-0.388181$ & $-0.169181$ & $-0.0401095$ & $-0.00788924$ & $0.241408$ & $0.393338$ & $0.387437$ & $0.350167$ & $-0.444242$ & $0.183487$ & $-0.196788$ & $1$ & $0.112105$ & $0.0243418$ & $0.0356877$ & $0.0350675$ & $-0.0579123$ & $0.0439329$ & $0.677956$ & $-0.054151$ & $-0.00482767$ & $-0.00791534$ & $0.0286436$ & $-0.0404628$ & $0.0263816$ & $-0.0270677$ & $0.0465417$ & $0.00585364$ & $-0.016423$ & $0.0147974$ & $0.0109344$ & $0.0117599$ & $-0.0430857$ & $0.0196842$ \\
CHd_33 & $-0.0345432$ & $-0.0226666$ & $0.0266049$ & $-0.00456202$ & $0.0224052$ & $-0.0481946$ & $-0.00224982$ & $0.300607$ & $0.295615$ & $-0.146433$ & $-0.323502$ & $-0.100481$ & $0.0370303$ & $0.14187$ & $0.104214$ & $0.109948$ & $0.0411812$ & $-0.0332745$ & $-0.0392862$ & $0.315549$ & $0.327303$ & $0.3225$ & $0.00931646$ & $-0.0472701$ & $-0.0248581$ & $-0.174507$ & $0.112105$ & $1$ & $0.0107209$ & $0.00131808$ & $-0.00468212$ & $-0.025954$ & $-0.00807634$ & $0.16563$ & $-0.0435495$ & $-0.0197301$ & $0.0536909$ & $0.0113016$ & $0.000472032$ & $0.0168342$ & $0.0159102$ & $0.00481881$ & $-0.00424027$ & $0.013614$ & $0.00231658$ & $0.0221756$ & $-0.0258168$ & $0.0175097$ & $0.0280929$ \\
CeH_22r & $-0.0249548$ & $-0.00272822$ & $0.0171373$ & $0.000970706$ & $-0.0177539$ & $-0.0102101$ & $-0.00998605$ & $0.0175379$ & $0.0269571$ & $-0.0175735$ & $0.00255817$ & $0.0673204$ & $0.0696812$ & $-0.0451865$ & $-0.00734841$ & $-0.00706336$ & $-0.0283292$ & $-0.0320547$ & $-0.0299974$ & $-0.0031513$ & $0.00111675$ & $0.00395925$ & $-0.000279643$ & $-0.0297421$ & $-0.0231906$ & $0.00517735$ & $0.0243418$ & $0.0107209$ & $1$ & $0.0482639$ & $0.0532875$ & $-0.0271699$ & $0.0635802$ & $0.0266722$ & $-0.0194937$ & $-0.0225566$ & $-0.017792$ & $-0.00158482$ & $0.00666437$ & $-0.00517586$ & $0.00667338$ & $0.01545$ & $0.0205945$ & $-0.0132915$ & $0.00030331$ & $0.00614345$ & $0.014202$ & $0.00673581$ & $0.00962125$ \\
CeH_33r & $-0.00761894$ & $0.00409106$ & $0.0289134$ & $0.0249236$ & $0.00611623$ & $-0.0124047$ & $-0.122133$ & $0.120108$ & $0.143843$ & $-0.130699$ & $-0.0753859$ & $0.287225$ & $0.275862$ & $-0.0431467$ & $0.0317161$ & $0.0543965$ & $-0.100367$ & $-0.105073$ & $-0.122643$ & $0.0736179$ & $0.0764253$ & $0.0777683$ & $-0.0104209$ & $-0.11697$ & $-0.106458$ & $-0.04211$ & $0.0356877$ & $0.00131808$ & $0.0482639$ & $1$ & $0.315155$ & $0.0321291$ & $0.684208$ & $0.0713194$ & $-0.00796975$ & $-0.00214178$ & $-0.17039$ & $-0.0263392$ & $-0.0244779$ & $-0.0086987$ & $-0.0467221$ & $0.00721973$ & $0.0373936$ & $-0.00979127$ & $0.0404029$ & $-0.0472947$ & $-0.00411066$ & $-0.0152612$ & $-0.0270986$ \\
CuH_22r & $0.0498362$ & $0.0478172$ & $-0.00798701$ & $0.0213071$ & $0.0129501$ & $-0.00709901$ & $-0.0642595$ & $0.0623941$ & $0.0772582$ & $-0.070903$ & $-0.0383379$ & $0.0620716$ & $0.106393$ & $-0.0375349$ & $-0.0115765$ & $0.0149188$ & $-0.0441715$ & $-0.0407193$ & $-0.0618231$ & $0.0346085$ & $0.0405382$ & $0.0442173$ & $0.00378958$ & $-0.0740583$ & $-0.0559726$ & $-0.0290532$ & $0.0350675$ & $-0.00468212$ & $0.0532875$ & $0.315155$ & $1$ & $0.023202$ & $0.373436$ & $0.0675073$ & $0.0280628$ & $-0.0571623$ & $-0.111846$ & $-0.0152661$ & $-0.0423606$ & $0.00627434$ & $-0.0411285$ & $0.0429792$ & $-0.00653929$ & $-0.0244743$ & $0.00946064$ & $0.0145624$ & $0.270772$ & $0.014135$ & $-0.00103229$ \\
CuH_33r & $-0.00444932$ & $0.00530734$ & $-0.0247896$ & $-0.0130105$ & $0.000887931$ & $0.00822946$ & $0.936046$ & $-0.118121$ & $-0.0794391$ & $0.106206$ & $0.0814508$ & $-0.0210673$ & $-0.249551$ & $0.0461327$ & $-0.0157965$ & $-0.0298209$ & $0.0700175$ & $0.0825784$ & $0.0978188$ & $-0.079116$ & $-0.0844063$ & $-0.0826155$ & $-1.72995e-05$ & $0.116525$ & $0.0829531$ & $0.0342463$ & $-0.0579123$ & $-0.025954$ & $-0.0271699$ & $0.0321291$ & $0.023202$ & $1$ & $0.0248963$ & $-0.0882008$ & $0.0554778$ & $0.0382983$ & $0.0348744$ & $0.00115149$ & $0.0793106$ & $0.0223262$ & $-0.0210312$ & $-0.00749614$ & $0.00952503$ & $0.010884$ & $-0.0301705$ & $-0.0156411$ & $-0.0102194$ & $0.0245434$ & $-0.00698909$ \\
CdH_33r & $0.00166315$ & $-0.012911$ & $-0.0180708$ & $0.00766854$ & $0.0114891$ & $-0.0113132$ & $-0.16598$ & $0.134543$ & $0.154207$ & $-0.152838$ & $-0.0795799$ & $0.348639$ & $0.343317$ & $-0.0619242$ & $0.0340602$ & $0.0454912$ & $-0.123435$ & $-0.128223$ & $-0.13742$ & $0.0768371$ & $0.0808816$ & $0.0833365$ & $-0.00591766$ & $-0.14128$ & $-0.127599$ & $-0.0467555$ & $0.0439329$ & $-0.00807634$ & $0.0635802$ & $0.684208$ & $0.373436$ & $0.0248963$ & $1$ & $0.0778955$ & $-0.0528148$ & $0.00186024$ & $-0.169421$ & $-0.0408517$ & $-0.0538103$ & $-0.00992674$ & $-0.0343693$ & $0.00488647$ & $-0.064014$ & $0.0565103$ & $0.016517$ & $-0.0180916$ & $0.015828$ & $0.132378$ & $0.333197$ \\
CLL_1221 & $-0.00911406$ & $0.0291704$ & $0.0145848$ & $0.0427239$ & $-0.0080525$ & $-0.119492$ & $-0.0878401$ & $0.564497$ & $0.555721$ & $-0.360713$ & $-0.363091$ & $-0.070913$ & $0.230567$ & $-0.22773$ & $-0.573993$ & $-0.108588$ & $-0.281437$ & $-0.00487279$ & $-0.360169$ & $0.284107$ & $0.446593$ & $0.445598$ & $0.202996$ & $-0.650787$ & $-0.225853$ & $-0.254964$ & $0.677956$ & $0.16563$ & $0.0266722$ & $0.0713194$ & $0.0675073$ & $-0.0882008$ & $0.0778955$ & $1$ & $-0.0287986$ & $0.00764464$ & $-0.0146936$ & $0.0325411$ & $-0.0323523$ & $0.0381398$ & $0.0129222$ & $0.0297023$ & $-0.000781034$ & $-0.00185375$ & $-0.00529027$ & $0.00945262$ & $0.000730963$ & $-0.0287848$ & $-0.00355508$ \\
eHggint & $-0.00260389$ & $-0.0228807$ & $-0.0602979$ & $-0.0015322$ & $-0.0164486$ & $-0.0146445$ & $-0.0204816$ & $-0.0336468$ & $-0.0416206$ & $0.0525458$ & $0.0490791$ & $0.114375$ & $0.0406605$ & $-0.0476278$ & $0.00307033$ & $-0.00953734$ & $-0.0247068$ & $-0.0320425$ & $-0.0193019$ & $-0.0499527$ & $-0.0510661$ & $-0.0493594$ & $-0.0488528$ & $-0.0171285$ & $-0.0405918$ & $0.0496334$ & $-0.054151$ & $-0.0435495$ & $-0.0194937$ & $-0.00796975$ & $0.0280628$ & $0.0554778$ & $-0.0528148$ & $-0.0287986$ & $1$ & $-0.230894$ & $-0.0954423$ & $0.0350474$ & $0.0476567$ & $-0.0460764$ & $-0.0845379$ & $0.0293331$ & $0.136322$ & $-0.0980361$ & $0.0253773$ & $0.0519842$ & $0.135368$ & $-0.100849$ & $-0.130804$ \\
eHggpar & $0.267934$ & $0.106637$ & $-0.0716938$ & $0.0839569$ & $0.00480601$ & $0.0441669$ & $0.0186851$ & $-0.00267561$ & $-0.0192802$ & $-0.0301248$ & $0.000665973$ & $-0.0386511$ & $-0.0400227$ & $0.010477$ & $-0.0126153$ & $-0.011481$ & $-0.00783196$ & $0.00575872$ & $0.00544231$ & $-0.00233126$ & $-0.000668138$ & $-0.000868145$ & $0.00974372$ & $-0.0107045$ & $-0.030152$ & $-0.0233526$ & $-0.00482767$ & $-0.0197301$ & $-0.0225566$ & $-0.00214178$ & $-0.0571623$ & $0.0382983$ & $0.00186024$ & $0.00764464$ & $-0.230894$ & $1$ & $0.0812837$ & $-0.0863185$ & $0.0702305$ & $-0.0219849$ & $0.135793$ & $0.00669599$ & $-0.173541$ & $0.187373$ & $0.00333051$ & $0.167402$ & $-0.183662$ & $0.104769$ & $0.0748921$ \\
eHWWint & $0.0141277$ & $-0.0112031$ & $-0.0476922$ & $-0.176989$ & $0.0122292$ & $0.0477093$ & $0.0755393$ & $0.00442141$ & $-0.00908978$ & $-0.0151175$ & $0.00109068$ & $-0.0312293$ & $-0.0222577$ & $-0.00495701$ & $0.0220821$ & $0.00477386$ & $-0.0108275$ & $-0.0249861$ & $-0.00245603$ & $-0.00317886$ & $-0.00247175$ & $0.00953619$ & $0.00517933$ & $-0.0018067$ & $-0.0171788$ & $0.0029726$ & $-0.00791534$ & $0.0536909$ & $-0.017792$ & $-0.17039$ & $-0.111846$ & $0.0348744$ & $-0.169421$ & $-0.0146936$ & $-0.0954423$ & $0.0812837$ & $1$ & $-0.00970447$ & $0.192723$ & $0.0575541$ & $0.143241$ & $-0.000841869$ & $-0.185246$ & $0.123649$ & $0.006934$ & $0.0144004$ & $-0.0564163$ & $0.0624135$ & $0.0638002$ \\
eHWWpar & $0.00368256$ & $-0.0393167$ & $-0.00459621$ & $-0.0172184$ & $0.00268357$ & $-0.00213613$ & $0.0171191$ & $0.0163$ & $0.0175748$ & $-0.0144961$ & $0.00112331$ & $-0.000173302$ & $0.00769339$ & $-0.0352972$ & $-0.0236159$ & $-0.0134989$ & $-0.0300904$ & $-0.0168901$ & $-0.025154$ & $-0.000261855$ & $0.00274295$ & $-0.00485161$ & $-0.0101048$ & $-0.0250306$ & $-0.0206977$ & $0.0151953$ & $0.0286436$ & $0.0113016$ & $-0.00158482$ & $-0.0263392$ & $-0.0152661$ & $0.00115149$ & $-0.0408517$ & $0.0325411$ & $0.0350474$ & $-0.0863185$ & $-0.00970447$ & $1$ & $0.021114$ & $-0.00770265$ & $-0.0204588$ & $-0.0052074$ & $0.0160301$ & $-0.0777269$ & $-0.00851526$ & $-0.0314678$ & $-0.0094326$ & $-0.0038651$ & $0.0153531$ \\
eHZZint & $0.00461198$ & $0.028559$ & $-0.0182455$ & $-0.104428$ & $0.00850979$ & $0.0289369$ & $0.0736867$ & $-0.0106979$ & $-0.0132026$ & $0.0059122$ & $0.0185763$ & $0.0180534$ & $0.00235059$ & $-0.0200749$ & $0.0301456$ & $-0.0131825$ & $-0.013105$ & $-0.0362932$ & $-0.00360371$ & $-0.0175646$ & $-0.0181829$ & $-0.025642$ & $-0.0176362$ & $-0.000948325$ & $-0.0357584$ & $0.0149741$ & $-0.0404628$ & $0.000472032$ & $0.00666437$ & $-0.0244779$ & $-0.0423606$ & $0.0793106$ & $-0.0538103$ & $-0.0323523$ & $0.0476567$ & $0.0702305$ & $0.192723$ & $0.021114$ & $1$ & $-0.014133$ & $-0.074703$ & $-0.00612885$ & $-0.10578$ & $-0.0985297$ & $0.18566$ & $0.0273576$ & $-0.0811435$ & $0.011265$ & $-0.0436043$ \\
eHZZpar & $-0.0466358$ & $0.0320743$ & $0.00640322$ & $0.0357893$ & $0.0127087$ & $-0.00908027$ & $0.0291968$ & $0.0177319$ & $0.0173884$ & $-0.0173538$ & $-0.0214667$ & $-0.0381325$ & $-0.0187855$ & $0.00634202$ & $-0.0215974$ & $-0.00414669$ & $0.0162129$ & $0.0203823$ & $0.00790532$ & $0.0203466$ & $0.0239916$ & $0.0280507$ & $0.00965992$ & $0.00141451$ & $0.0100642$ & $-0.00803239$ & $0.0263816$ & $0.0168342$ & $-0.00517586$ & $-0.0086987$ & $0.00627434$ & $0.0223262$ & $-0.00992674$ & $0.0381398$ & $-0.0460764$ & $-0.0219849$ & $0.0575541$ & $-0.00770265$ & $-0.014133$ & $1$ & $-0.000111838$ & $-0.0259641$ & $-0.00596508$ & $-0.0081035$ & $-0.0170255$ & $0.0407843$ & $-0.0229935$ & $-0.0111917$ & $-0.00941089$ \\
eHZgaint & $-0.0971069$ & $0.269345$ & $0.0333096$ & $-0.050333$ & $0.0191249$ & $0.0191779$ & $-0.0128579$ & $-0.00860182$ & $-0.0270932$ & $-0.0357898$ & $0.0176224$ & $-0.0131229$ & $0.00517651$ & $-0.0262896$ & $-0.0061023$ & $0.0290462$ & $-0.0171893$ & $-0.0132459$ & $-0.0400274$ & $-0.0111751$ & $-0.0130302$ & $-0.0124573$ & $-0.0137312$ & $-0.000204875$ & $-0.0277413$ & $0.0169995$ & $-0.0270677$ & $0.0159102$ & $0.00667338$ & $-0.0467221$ & $-0.0411285$ & $-0.0210312$ & $-0.0343693$ & $0.0129222$ & $-0.0845379$ & $0.135793$ & $0.143241$ & $-0.0204588$ & $-0.074703$ & $-0.000111838$ & $1$ & $0.00781799$ & $-0.220894$ & $-0.0372212$ & $-0.276236$ & $-0.043847$ & $-0.161485$ & $0.0197002$ & $-0.0117006$ \\
eHZgapar & $-0.0198403$ & $0.0223454$ & $0.00596458$ & $0.0121579$ & $0.0180654$ & $0.00690537$ & $-0.0105737$ & $0.013368$ & $0.0164663$ & $-0.00159372$ & $-0.00347171$ & $0.019931$ & $0.0198106$ & $-0.0200764$ & $-0.0165379$ & $-0.00764583$ & $-0.0108614$ & $-0.00814464$ & $-0.0176351$ & $0.00132228$ & $0.00584649$ & $0.00382343$ & $0.0042763$ & $-0.0186132$ & $0.00910872$ & $0.0134984$ & $0.0465417$ & $0.00481881$ & $0.01545$ & $0.00721973$ & $0.0429792$ & $-0.00749614$ & $0.00488647$ & $0.0297023$ & $0.0293331$ & $0.00669599$ & $-0.000841869$ & $-0.0052074$ & $-0.00612885$ & $-0.0259641$ & $0.00781799$ & $1$ & $0.02525$ & $-0.0182785$ & $-0.0386903$ & $0.0327139$ & $0.00824472$ & $-0.0346976$ & $-0.0348199$ \\
eHgagaint & $-0.161325$ & $-0.0339225$ & $-0.15414$ & $-0.0516024$ & $-0.00858118$ & $-0.0313127$ & $0.00209887$ & $0.0162822$ & $0.0656051$ & $-0.0153516$ & $-0.022371$ & $-0.024606$ & $0.0135035$ & $0.00383757$ & $0.0223077$ & $-0.00311329$ & $0.0209741$ & $-0.00367476$ & $0.00927025$ & $0.0245173$ & $0.0211416$ & $0.0194706$ & $0.0159793$ & $-0.00452908$ & $0.0211758$ & $-0.0135901$ & $0.00585364$ & $-0.00424027$ & $0.0205945$ & $0.0373936$ & $-0.00653929$ & $0.00952503$ & $-0.064014$ & $-0.000781034$ & $0.136322$ & $-0.173541$ & $-0.185246$ & $0.0160301$ & $-0.10578$ & $-0.00596508$ & $-0.220894$ & $0.02525$ & $1$ & $-0.196111$ & $0.00687902$ & $0.169602$ & $-0.124229$ & $-0.178039$ & $-0.200385$ \\
eHmumuint & $-0.118343$ & $-0.0595056$ & $-0.0485281$ & $-0.0674659$ & $-0.0134122$ & $0.030822$ & $0.0050055$ & $-0.000243247$ & $-0.00998071$ & $0.00819288$ & $0.000312474$ & $6.36606e-05$ & $-0.00554927$ & $0.00161181$ & $8.73784e-05$ & $0.0226231$ & $0.000330167$ & $0.00318682$ & $-0.0138432$ & $0.00027799$ & $-0.00362988$ & $0.0033873$ & $-0.0292363$ & $0.00979473$ & $0.00060889$ & $0.0324337$ & $-0.016423$ & $0.013614$ & $-0.0132915$ & $-0.00979127$ & $-0.0244743$ & $0.010884$ & $0.0565103$ & $-0.00185375$ & $-0.0980361$ & $0.187373$ & $0.123649$ & $-0.0777269$ & $-0.0985297$ & $-0.0081035$ & $-0.0372212$ & $-0.0182785$ & $-0.196111$ & $1$ & $-0.0784642$ & $0.130177$ & $-0.0916949$ & $0.103809$ & $0.175353$ \\
eHtautauint & $0.0664328$ & $-0.0717105$ & $0.0301025$ & $-0.130738$ & $-0.0378155$ & $0.0104581$ & $-0.0305709$ & $0.025299$ & $0.0249161$ & $-0.0419145$ & $-0.0299925$ & $-0.0547758$ & $-0.0164326$ & $0.0123677$ & $0.0302283$ & $-0.0193215$ & $0.0144276$ & $-0.014443$ & $0.0229379$ & $0.0282466$ & $0.02984$ & $0.031176$ & $0.0288591$ & $-0.00865352$ & $-0.00230088$ & $-0.0420148$ & $0.0147974$ & $0.00231658$ & $0.00030331$ & $0.0404029$ & $0.00946064$ & $-0.0301705$ & $0.016517$ & $-0.00529027$ & $0.0253773$ & $0.00333051$ & $0.006934$ & $-0.00851526$ & $0.18566$ & $-0.0170255$ & $-0.276236$ & $-0.0386903$ & $0.00687902$ & $-0.0784642$ & $1$ & $-0.0173214$ & $0.068049$ & $0.100501$ & $0.03849$ \\
eHccint & $-0.00533583$ & $-0.105213$ & $-0.144842$ & $-0.0213136$ & $0.00606085$ & $-0.00403558$ & $-0.013228$ & $0.0107197$ & $0.0129604$ & $-0.0104267$ & $-0.00902274$ & $-0.0303135$ & $-0.0253379$ & $-0.00247942$ & $-0.00399128$ & $-0.0133238$ & $0.00140845$ & $-0.00107652$ & $0.00411581$ & $0.00595301$ & $0.00595277$ & $0.00875159$ & $-0.00631117$ & $-0.0122525$ & $-0.000317068$ & $0.0134186$ & $0.0109344$ & $0.0221756$ & $0.00614345$ & $-0.0472947$ & $0.0145624$ & $-0.0156411$ & $-0.0180916$ & $0.00945262$ & $0.0519842$ & $0.167402$ & $0.0144004$ & $-0.0314678$ & $0.0273576$ & $0.0407843$ & $-0.043847$ & $0.0327139$ & $0.169602$ & $0.130177$ & $-0.0173214$ & $1$ & $-0.0547776$ & $-0.020003$ & $0.129524$ \\
eHccpar & $0.161282$ & $-0.00200621$ & $0.0494013$ & $-0.0892029$ & $0.00760766$ & $0.019554$ & $-0.0160385$ & $0.000576778$ & $-0.00374341$ & $0.00556328$ & $0.00283035$ & $0.00773795$ & $-0.00150378$ & $-0.00578064$ & $-0.00422502$ & $-0.0139688$ & $-0.0132459$ & $-0.00592382$ & $-0.00107303$ & $-0.00422482$ & $-0.00394622$ & $-0.00508349$ & $-0.00340798$ & $-0.0145525$ & $-0.0146498$ & $0.00588066$ & $0.0117599$ & $-0.0258168$ & $0.014202$ & $-0.00411066$ & $0.270772$ & $-0.0102194$ & $0.015828$ & $0.000730963$ & $0.135368$ & $-0.183662$ & $-0.0564163$ & $-0.0094326$ & $-0.0811435$ & $-0.0229935$ & $-0.161485$ & $0.00824472$ & $-0.124229$ & $-0.0916949$ & $0.068049$ & $-0.0547776$ & $1$ & $0.199508$ & $-0.0396667$ \\
eHbbint & $0.149589$ & $-0.238805$ & $0.15366$ & $-0.143647$ & $-0.0124087$ & $0.0270752$ & $0.0315806$ & $0.00868654$ & $0.0010097$ & $-0.0091843$ & $-0.00577759$ & $0.00422577$ & $0.00363232$ & $7.54711e-05$ & $0.0249179$ & $0.0148848$ & $-0.0154673$ & $-0.0169114$ & $-0.00713057$ & $0.0085298$ & $-0.00293946$ & $0.00109244$ & $-0.0334992$ & $0.00406552$ & $-0.0462391$ & $0.0110163$ & $-0.0430857$ & $0.0175097$ & $0.00673581$ & $-0.0152612$ & $0.014135$ & $0.0245434$ & $0.132378$ & $-0.0287848$ & $-0.100849$ & $0.104769$ & $0.0624135$ & $-0.0038651$ & $0.011265$ & $-0.0111917$ & $0.0197002$ & $-0.0346976$ & $-0.178039$ & $0.103809$ & $0.100501$ & $-0.020003$ & $0.199508$ & $1$ & $0.0693625$ \\
eHbbpar & $-0.0412121$ & $0.0388392$ & $-0.185054$ & $-0.0575416$ & $0.0132146$ & $-0.0129347$ & $-0.00501701$ & $0.0132218$ & $0.00702584$ & $-0.0208797$ & $-0.00862674$ & $-0.0368192$ & $-0.0192184$ & $-0.0040495$ & $0.0163757$ & $-0.0249026$ & $-0.0101085$ & $-0.0253516$ & $0.00909568$ & $0.00475188$ & $0.0113297$ & $0.0118023$ & $0.023745$ & $0.0019179$ & $-0.0046055$ & $-0.0257677$ & $0.0196842$ & $0.0280929$ & $0.00962125$ & $-0.0270986$ & $-0.00103229$ & $-0.00698909$ & $0.333197$ & $-0.00355508$ & $-0.130804$ & $0.0748921$ & $0.0638002$ & $0.0153531$ & $-0.0436043$ & $-0.00941089$ & $-0.0117006$ & $-0.0348199$ & $-0.200385$ & $0.175353$ & $0.03849$ & $0.129524$ & $-0.0396667$ & $0.0693625$ & $1$ \\
