 & AlsMz & dAle5Mz & mtop & mHl & Mz & CW & CHG & CHWB & CHWHB_gaga & CHWHB_gagaorth & CHD & CHbox & CH & CHL1_11 & CHL1_22 & CHL1_33 & CHL3_11 & CHL3_22 & CHL3_33 & CHe_11 & CHe_22 & CHe_33 & CHQ1_11 & CHQ1_33 & CHQ3_11 & CHu_11 & CHd_11 & CHd_33 & CeH_22r & CeH_33r & CuH_22r & CuH_33r & CdH_33r & CLL_1221 & eHggint & eHggpar & eHWWint & eHWWpar & eHZZint & eHZZpar & eHZgaint & eHZgapar & eHgagaint & eHmumuint & eHtautauint & eHccint & eHccpar & eHbbint & eHbbpar \\
AlsMz & $1$ & $0.0715405$ & $0.0259604$ & $-0.10557$ & $0.0243295$ & $0.0171444$ & $0.00906154$ & $-0.0222903$ & $-0.0124022$ & $0.0217924$ & $0.00131774$ & $0.00670841$ & $0.00119163$ & $0.00261236$ & $-0.0184922$ & $0.00696913$ & $0.0414767$ & $0.0379828$ & $0.0179901$ & $-0.00757836$ & $-0.00544704$ & $-0.00906502$ & $0.0166402$ & $-0.0403018$ & $-0.0808433$ & $-0.0475259$ & $-0.0344876$ & $0.00252097$ & $-0.0160213$ & $0.00436226$ & $0.0125429$ & $0.00940676$ & $0.0528048$ & $0.0123425$ & $-0.0185092$ & $0.0141836$ & $-0.0129803$ & $0.00494038$ & $0.0471439$ & $-0.0131365$ & $-0.0582352$ & $-0.0430891$ & $0.116091$ & $-0.0814501$ & $-0.0329937$ & $0.0995201$ & $-0.0284956$ & $-0.0789063$ & $0.0995742$ \\
dAle5Mz & $0.0715405$ & $1$ & $0.0930839$ & $-0.0516024$ & $-0.00407762$ & $0.0388127$ & $0.00866562$ & $-0.0770324$ & $-0.068914$ & $0.038382$ & $0.0342622$ & $-0.0177458$ & $-0.0399567$ & $0.0236902$ & $0.00106744$ & $-0.0112996$ & $0.0649927$ & $0.0470618$ & $0.0575439$ & $-0.0101876$ & $-0.00971474$ & $-0.00944755$ & $-0.00993607$ & $0.06533$ & $0.0465402$ & $0.0104631$ & $-0.0061249$ & $-0.0124983$ & $-0.00703106$ & $0.00838261$ & $0.0155016$ & $0.0033771$ & $-0.0228266$ & $0.00126478$ & $-0.100761$ & $-0.0416002$ & $-0.055297$ & $-0.0224299$ & $0.0118287$ & $-0.0161505$ & $-0.127565$ & $0.0183057$ & $-0.00678963$ & $-0.0955596$ & $-0.129777$ & $0.111976$ & $-0.0161206$ & $-0.0602607$ & $-0.0642737$ \\
mtop & $0.0259604$ & $0.0930839$ & $1$ & $0.0535083$ & $0.0113586$ & $0.0134042$ & $-0.00121211$ & $0.017697$ & $0.0192717$ & $-0.0525697$ & $-0.00373809$ & $-0.00988062$ & $0.0244927$ & $-0.0113722$ & $0.00708824$ & $-0.00330129$ & $-0.0133561$ & $-0.0225371$ & $-0.0127773$ & $0.0107158$ & $0.0147038$ & $0.0117912$ & $-0.0012573$ & $-0.0215773$ & $-0.016793$ & $-0.00840566$ & $0.0115195$ & $0.0207801$ & $0.0399472$ & $0.00817653$ & $0.0322877$ & $-0.00895601$ & $0.087214$ & $0.0147127$ & $-0.0415529$ & $-0.0602158$ & $0.0256476$ & $0.0436925$ & $0.0231662$ & $0.00416599$ & $0.0904201$ & $0.000539573$ & $-0.0251152$ & $0.0856102$ & $-0.0420441$ & $-0.0734513$ & $0.0564679$ & $0.171351$ & $0.100176$ \\
mHl & $-0.10557$ & $-0.0516024$ & $0.0535083$ & $1$ & $0.00434449$ & $-0.0164751$ & $0.00584424$ & $0.0268153$ & $0.0285488$ & $-0.0350648$ & $-0.0205433$ & $-0.0198117$ & $0.00385132$ & $-0.00153706$ & $0.008422$ & $-0.0145053$ & $-0.00761935$ & $-0.0157405$ & $0.00105133$ & $0.0191743$ & $0.0216463$ & $0.017761$ & $0.0192709$ & $-0.00564299$ & $0.0116911$ & $-0.0144183$ & $0.03515$ & $0.0282831$ & $0.0108569$ & $0.00736944$ & $-0.00845291$ & $-0.00856401$ & $0.00640917$ & $0.00993395$ & $-0.01379$ & $-0.0593402$ & $-0.0631385$ & $0.00499722$ & $-0.0259441$ & $-0.0383555$ & $0.0182863$ & $-0.0047056$ & $0.0248711$ & $-0.0580486$ & $0.0808976$ & $0.104679$ & $-0.0213719$ & $-0.12334$ & $0.0558447$ \\
Mz & $0.0243295$ & $-0.00407762$ & $0.0113586$ & $0.00434449$ & $1$ & $-0.000308181$ & $0.018687$ & $-0.00326287$ & $-0.000829707$ & $-0.0139756$ & $0.0082062$ & $0.00734527$ & $0.00828265$ & $0.00527485$ & $0.00333299$ & $0.0207262$ & $0.00301381$ & $0.00595198$ & $-0.00708227$ & $0.00191124$ & $-0.0014486$ & $-0.000258917$ & $0.0107028$ & $0.0036093$ & $0.00318183$ & $0.000390971$ & $-0.000600946$ & $-0.0067322$ & $0.000678571$ & $0.00775884$ & $0.0247259$ & $0.0211664$ & $0.00603356$ & $-0.0064368$ & $0.00700639$ & $-0.00105716$ & $-3.98926e-05$ & $-0.0126994$ & $-0.0116289$ & $0.0241158$ & $-0.0294318$ & $-0.00391418$ & $-0.00193513$ & $-0.0145113$ & $0.00454447$ & $0.0289713$ & $-0.00169976$ & $-0.0142934$ & $-0.0105199$ \\
CW & $0.0171444$ & $0.0388127$ & $0.0134042$ & $-0.0164751$ & $-0.000308181$ & $1$ & $-0.00716232$ & $-0.161827$ & $-0.158599$ & $0.0367451$ & $0.215237$ & $0.0480323$ & $-0.00255552$ & $0.0178909$ & $-0.0777287$ & $-0.0774901$ & $-0.25517$ & $-0.0416896$ & $-0.0436012$ & $-0.208909$ & $-0.220023$ & $-0.218251$ & $-0.0218585$ & $0.0292687$ & $-0.0923722$ & $0.112735$ & $-0.117488$ & $-0.0807265$ & $-0.0109375$ & $-0.0054529$ & $0.00192205$ & $-0.00273472$ & $0.00879385$ & $-0.150449$ & $-0.0163601$ & $0.00422084$ & $-0.0303817$ & $0.000522387$ & $-0.0135016$ & $-0.0259653$ & $0.0124022$ & $-0.00512154$ & $0.0138195$ & $-0.0185819$ & $0.0332754$ & $0.00548579$ & $0.00834896$ & $0.0072417$ & $0.00274122$ \\
CHG & $0.00906154$ & $0.00866562$ & $-0.00121211$ & $0.00584424$ & $0.018687$ & $-0.00716232$ & $1$ & $-0.0776197$ & $-0.0224045$ & $0.0349252$ & $0.0442983$ & $-0.198462$ & $-0.261602$ & $0.0410359$ & $-0.0252257$ & $-0.0134591$ & $0.0628086$ & $0.0784402$ & $0.0704144$ & $-0.0422816$ & $-0.0471884$ & $-0.0445867$ & $-0.00316546$ & $0.0728821$ & $0.0603845$ & $0.016016$ & $-0.0453881$ & $-0.00852493$ & $0.0256091$ & $-0.103518$ & $-0.0784917$ & $0.935393$ & $-0.132551$ & $-0.0408032$ & $-0.0564769$ & $-0.0402635$ & $0.0297445$ & $-0.00668524$ & $-0.0235154$ & $-0.0188619$ & $0.00525965$ & $-0.00795397$ & $0.000106733$ & $0.021848$ & $-0.0122774$ & $0.0253295$ & $0.0045084$ & $0.0250424$ & $-0.0189632$ \\
CHWB & $-0.0222903$ & $-0.0770324$ & $0.017697$ & $0.0268153$ & $-0.00326287$ & $-0.161827$ & $-0.0776197$ & $1$ & $0.981575$ & $-0.565337$ & $-0.877596$ & $0.0139579$ & $0.3053$ & $0.0952431$ & $0.311205$ & $0.301406$ & $-0.208939$ & $-0.427234$ & $-0.418291$ & $0.847732$ & $0.893261$ & $0.877118$ & $0.0684183$ & $-0.664312$ & $-0.383185$ & $-0.505632$ & $0.419817$ & $0.303843$ & $0.0207781$ & $0.0701717$ & $0.0571146$ & $-0.0783455$ & $0.0834396$ & $0.551032$ & $-0.00948637$ & $-0.00972687$ & $0.0199572$ & $0.000418298$ & $0.0237953$ & $0.0203846$ & $-0.0166335$ & $-0.0195338$ & $-0.0235876$ & $0.0184806$ & $0.00149801$ & $-0.0347648$ & $0.0112083$ & $0.0132761$ & $0.00424253$ \\
CHWHB_gaga & $-0.0124022$ & $-0.068914$ & $0.0192717$ & $0.0285488$ & $-0.000829707$ & $-0.158599$ & $-0.0224045$ & $0.981575$ & $1$ & $-0.554335$ & $-0.858513$ & $0.0279857$ & $0.303199$ & $0.0882319$ & $0.300279$ & $0.294291$ & $-0.211951$ & $-0.42108$ & $-0.415113$ & $0.829457$ & $0.874128$ & $0.859308$ & $0.0697624$ & $-0.656618$ & $-0.380399$ & $-0.495778$ & $0.415253$ & $0.297847$ & $0.0266692$ & $0.0947734$ & $0.0671752$ & $-0.0332037$ & $0.106844$ & $0.545276$ & $-0.0342277$ & $-0.0197156$ & $0.0112319$ & $-0.00323813$ & $0.0201615$ & $0.0183509$ & $-0.0171294$ & $-0.023202$ & $0.0416787$ & $0.0215355$ & $0.00654758$ & $-0.0367581$ & $0.00889965$ & $0.0217586$ & $0.00322459$ \\
CHWHB_gagaorth & $0.0217924$ & $0.038382$ & $-0.0525697$ & $-0.0350648$ & $-0.0139756$ & $0.0367451$ & $0.0349252$ & $-0.565337$ & $-0.554335$ & $1$ & $0.354705$ & $0.310614$ & $-0.196892$ & $0.214608$ & $-0.124895$ & $-0.133441$ & $0.409588$ & $0.468031$ & $0.475971$ & $-0.340478$ & $-0.368877$ & $-0.362676$ & $-0.0602127$ & $0.546231$ & $0.460924$ & $0.222073$ & $-0.226391$ & $-0.134007$ & $0.00597899$ & $-0.0904125$ & $-0.0625856$ & $0.0565451$ & $-0.109449$ & $-0.342827$ & $0.0409818$ & $0.0387132$ & $0.00280607$ & $-0.00373336$ & $-0.0117436$ & $0.0076451$ & $-0.034896$ & $0.0178614$ & $0.0272212$ & $-0.0375689$ & $0.00779321$ & $0.000265326$ & $0.0062943$ & $-0.027094$ & $0.00911272$ \\
CHD & $0.00131774$ & $0.0342622$ & $-0.00373809$ & $-0.0205433$ & $0.0082062$ & $0.215237$ & $0.0442983$ & $-0.877596$ & $-0.858513$ & $0.354705$ & $1$ & $0.118119$ & $-0.147893$ & $-0.512331$ & $-0.430461$ & $-0.419448$ & $-0.249488$ & $0.056744$ & $0.0470708$ & $-0.990101$ & $-0.991292$ & $-0.970047$ & $-0.0124122$ & $0.296737$ & $0.00234089$ & $0.561603$ & $-0.285204$ & $-0.338132$ & $-0.0118116$ & $-0.0319902$ & $-0.0383693$ & $0.0544085$ & $-0.0464078$ & $-0.357711$ & $0.0366724$ & $0.00960332$ & $-0.022678$ & $0.0114274$ & $-0.0295363$ & $-0.0236151$ & $0.0306181$ & $0.0120624$ & $0.0299295$ & $-0.0150993$ & $0.0114619$ & $0.0365867$ & $-0.00385913$ & $-0.00699338$ & $-0.00574684$ \\
CHbox & $0.00670841$ & $-0.0177458$ & $-0.00988062$ & $-0.0198117$ & $0.00734527$ & $0.0480323$ & $-0.198462$ & $0.0139579$ & $0.0279857$ & $0.310614$ & $0.118119$ & $1$ & $0.723832$ & $-0.273631$ & $0.0287956$ & $0.0169378$ & $-0.269271$ & $-0.259618$ & $-0.250168$ & $-0.103192$ & $-0.119175$ & $-0.111146$ & $-0.00283968$ & $-0.145435$ & $-0.243878$ & $0.06931$ & $-0.033269$ & $-0.0500633$ & $0.0455724$ & $0.318816$ & $0.116501$ & $-0.103321$ & $0.34955$ & $-0.0185768$ & $0.11704$ & $0.0341479$ & $-0.0179796$ & $0.00492501$ & $-0.00519059$ & $0.0142862$ & $-0.0402869$ & $-0.00393499$ & $0.0238925$ & $-0.0308193$ & $0.0410314$ & $-0.0164689$ & $0.0107286$ & $-0.0244958$ & $0.0119284$ \\
CH & $0.00119163$ & $-0.0399567$ & $0.0244927$ & $0.00385132$ & $0.00828265$ & $-0.00255552$ & $-0.261602$ & $0.3053$ & $0.303199$ & $-0.196892$ & $-0.147893$ & $0.723832$ & $1$ & $-0.214573$ & $0.0811112$ & $0.0776857$ & $-0.303353$ & $-0.340639$ & $-0.337451$ & $0.145495$ & $0.155765$ & $0.155915$ & $0.0356859$ & $-0.339392$ & $-0.321484$ & $-0.0937481$ & $0.118084$ & $0.0586284$ & $0.0268405$ & $0.249166$ & $0.135857$ & $-0.207758$ & $0.300333$ & $0.175134$ & $0.0691282$ & $-0.00217932$ & $-0.017724$ & $-0.00662791$ & $0.0113031$ & $0.0137633$ & $-0.0119284$ & $0.00251339$ & $0.00324954$ & $-0.00815135$ & $0.0355876$ & $-0.0177077$ & $0.0175255$ & $-0.00382786$ & $0.0227667$ \\
CHL1_11 & $0.00261236$ & $0.0236902$ & $-0.0113722$ & $-0.00153706$ & $0.00527485$ & $0.0178909$ & $0.0410359$ & $0.0952431$ & $0.0882319$ & $0.214608$ & $-0.512331$ & $-0.273631$ & $-0.214573$ & $1$ & $0.270886$ & $0.268531$ & $0.666068$ & $0.599484$ & $0.60189$ & $0.532198$ & $0.474998$ & $0.459395$ & $-0.0848982$ & $0.475868$ & $0.598145$ & $-0.268441$ & $-0.111545$ & $0.166202$ & $-0.0138379$ & $-0.0530582$ & $-0.00973721$ & $0.0226621$ & $-0.0467846$ & $-0.21572$ & $-0.0520905$ & $0.000506103$ & $0.0184685$ & $-0.029022$ & $0.0120524$ & $0.00425474$ & $-0.0162832$ & $0.000157333$ & $-0.0130846$ & $-0.000843608$ & $-0.0123679$ & $-0.028497$ & $-0.0050647$ & $0.00168025$ & $0.00393172$ \\
CHL1_22 & $-0.0184922$ & $0.00106744$ & $0.00708824$ & $0.008422$ & $0.00333299$ & $-0.0777287$ & $-0.0252257$ & $0.311205$ & $0.300279$ & $-0.124895$ & $-0.430461$ & $0.0287956$ & $0.0811112$ & $0.270886$ & $1$ & $0.435069$ & $0.16384$ & $-0.453257$ & $-0.025622$ & $0.497019$ & $0.349263$ & $0.337505$ & $-0.162582$ & $0.106453$ & $-0.143491$ & $-0.213775$ & $-0.391208$ & $0.114187$ & $0.00967427$ & $0.021073$ & $0.0179813$ & $-0.0198279$ & $0.0368097$ & $-0.590966$ & $-0.0165388$ & $-0.0211586$ & $-0.0098618$ & $-0.00650744$ & $0.01509$ & $-0.0181942$ & $-0.0325035$ & $-0.0092509$ & $-0.0411006$ & $0.00878641$ & $-0.00247003$ & $-0.0348209$ & $-0.00577419$ & $0.0162996$ & $0.0095462$ \\
CHL1_33 & $0.00696913$ & $-0.0112996$ & $-0.00330129$ & $-0.0145053$ & $0.0207262$ & $-0.0774901$ & $-0.0134591$ & $0.301406$ & $0.294291$ & $-0.133441$ & $-0.419448$ & $0.0169378$ & $0.0776857$ & $0.268531$ & $0.435069$ & $1$ & $0.162715$ & $-0.0212861$ & $-0.434561$ & $0.484164$ & $0.340292$ & $0.35368$ & $-0.175877$ & $0.100324$ & $-0.138142$ & $-0.191787$ & $-0.386381$ & $0.101681$ & $-0.00206756$ & $0.0364439$ & $0.0234461$ & $-0.00294292$ & $0.0398587$ & $-0.0903994$ & $-0.00706675$ & $-0.0171377$ & $-0.00935119$ & $-0.0300222$ & $0.0320748$ & $-0.00300417$ & $-0.0165305$ & $-0.00225289$ & $-0.0116825$ & $0.0102614$ & $-0.0204218$ & $-0.0107205$ & $0.000103837$ & $-0.00799975$ & $0.0016259$ \\
CHL3_11 & $0.0414767$ & $0.0649927$ & $-0.0133561$ & $-0.00761935$ & $0.00301381$ & $-0.25517$ & $0.0628086$ & $-0.208939$ & $-0.211951$ & $0.409588$ & $-0.249488$ & $-0.269271$ & $-0.303353$ & $0.666068$ & $0.16384$ & $0.162715$ & $1$ & $0.730925$ & $0.73272$ & $0.271378$ & $0.220901$ & $0.211151$ & $-0.0655444$ & $0.657647$ & $0.770263$ & $-0.124088$ & $-0.142688$ & $0.074877$ & $-0.0157855$ & $-0.0790649$ & $-0.0406079$ & $0.0417579$ & $-0.0753463$ & $-0.221827$ & $-0.0518017$ & $-0.00175526$ & $0.00945865$ & $-0.0124795$ & $0.0116057$ & $0.0175642$ & $-0.0273794$ & $0.0187677$ & $-0.0182775$ & $-0.000477543$ & $-0.0323512$ & $0.000947464$ & $-0.0109205$ & $-0.011902$ & $0.00475699$ \\
CHL3_22 & $0.0379828$ & $0.0470618$ & $-0.0225371$ & $-0.0157405$ & $0.00595198$ & $-0.0416896$ & $0.0784402$ & $-0.427234$ & $-0.42108$ & $0.468031$ & $0.056744$ & $-0.259618$ & $-0.340639$ & $0.599484$ & $-0.453257$ & $-0.0212861$ & $0.730925$ & $1$ & $0.669533$ & $-0.0594743$ & $-0.0494371$ & $-0.0487447$ & $-0.00173733$ & $0.610914$ & $0.793078$ & $0.0388227$ & $-0.00245664$ & $-0.0129503$ & $-0.0239664$ & $-0.0831803$ & $-0.0446603$ & $0.0589721$ & $-0.0907192$ & $0.0501415$ & $-0.0348661$ & $0.0134071$ & $0.0132892$ & $-0.0185889$ & $0.00160488$ & $0.0189281$ & $0.00159178$ & $0.0197779$ & $0.0171219$ & $-0.00714822$ & $-0.0192727$ & $0.0142202$ & $-0.00930352$ & $-0.0193111$ & $-0.00361244$ \\
CHL3_33 & $0.0179901$ & $0.0575439$ & $-0.0127773$ & $0.00105133$ & $-0.00708227$ & $-0.0436012$ & $0.0704144$ & $-0.418291$ & $-0.415113$ & $0.475971$ & $0.0470708$ & $-0.250168$ & $-0.337451$ & $0.60189$ & $-0.025622$ & $-0.434561$ & $0.73272$ & $0.669533$ & $1$ & $-0.0488889$ & $-0.0391414$ & $-0.0373045$ & $0.0118672$ & $0.613143$ & $0.795824$ & $0.0194427$ & $0.00392279$ & $-0.00182243$ & $-0.019054$ & $-0.0960481$ & $-0.0447059$ & $0.0477998$ & $-0.0924583$ & $-0.330808$ & $-0.0406115$ & $0.0140126$ & $0.015898$ & $-0.00141965$ & $-0.0123507$ & $0.00725735$ & $-0.0105823$ & $0.0143362$ & $-0.00228421$ & $-0.00984486$ & $-0.00761734$ & $-0.00362814$ & $-0.00673487$ & $-0.00220968$ & $0.00618511$ \\
CHe_11 & $-0.00757836$ & $-0.0101876$ & $0.0107158$ & $0.0191743$ & $0.00191124$ & $-0.208909$ & $-0.0422816$ & $0.847732$ & $0.829457$ & $-0.340478$ & $-0.990101$ & $-0.103192$ & $0.145495$ & $0.532198$ & $0.497019$ & $0.484164$ & $0.271378$ & $-0.0594743$ & $-0.0488889$ & $1$ & $0.972611$ & $0.951985$ & $-0.013775$ & $-0.240134$ & $0.0039231$ & $-0.551135$ & $0.209028$ & $0.330872$ & $0.0112295$ & $0.0339403$ & $0.0377669$ & $-0.0501674$ & $0.0475588$ & $0.276058$ & $-0.037951$ & $-0.0119405$ & $0.017915$ & $-0.0141382$ & $0.0326973$ & $0.0228865$ & $-0.0348156$ & $-0.00837704$ & $-0.0313447$ & $0.0160021$ & $-0.013044$ & $-0.0376517$ & $0.00128031$ & $0.00613986$ & $0.00285956$ \\
CHe_22 & $-0.00544704$ & $-0.00971474$ & $0.0147038$ & $0.0216463$ & $-0.0014486$ & $-0.220023$ & $-0.0471884$ & $0.893261$ & $0.874128$ & $-0.368877$ & $-0.991292$ & $-0.119175$ & $0.155765$ & $0.474998$ & $0.349263$ & $0.340292$ & $0.220901$ & $-0.0494371$ & $-0.0391414$ & $0.972611$ & $1$ & $0.975663$ & $0.0396967$ & $-0.349553$ & $-0.00301057$ & $-0.562457$ & $0.366444$ & $0.341473$ & $0.0125129$ & $0.0321075$ & $0.039571$ & $-0.0581111$ & $0.0454538$ & $0.4419$ & $-0.0375801$ & $-0.0105191$ & $0.0245506$ & $-0.00993986$ & $0.0280748$ & $0.0267862$ & $-0.0314724$ & $-0.0105185$ & $-0.0295856$ & $0.0146454$ & $-0.0137876$ & $-0.0333947$ & $0.00609758$ & $0.00614221$ & $0.00327236$ \\
CHe_33 & $-0.00906502$ & $-0.00944755$ & $0.0117912$ & $0.017761$ & $-0.000258917$ & $-0.218251$ & $-0.0445867$ & $0.877118$ & $0.859308$ & $-0.362676$ & $-0.970047$ & $-0.111146$ & $0.155915$ & $0.459395$ & $0.337505$ & $0.35368$ & $0.211151$ & $-0.0487447$ & $-0.0373045$ & $0.951985$ & $0.975663$ & $1$ & $0.0415033$ & $-0.34761$ & $-0.00283697$ & $-0.552203$ & $0.364475$ & $0.332892$ & $0.00948498$ & $0.0332428$ & $0.0418743$ & $-0.054247$ & $0.0475909$ & $0.440921$ & $-0.0328894$ & $-0.00196086$ & $0.0256391$ & $-0.0124934$ & $0.0284188$ & $0.0234933$ & $-0.0268437$ & $-0.00843651$ & $-0.0195847$ & $0.011299$ & $-0.0181486$ & $-0.0318351$ & $0.00686046$ & $0.00397235$ & $0.00577251$ \\
CHQ1_11 & $0.0166402$ & $-0.00993607$ & $-0.0012573$ & $0.0192709$ & $0.0107028$ & $-0.0218585$ & $-0.00316546$ & $0.0684183$ & $0.0697624$ & $-0.0602127$ & $-0.0124122$ & $-0.00283968$ & $0.0356859$ & $-0.0848982$ & $-0.162582$ & $-0.175877$ & $-0.0655444$ & $-0.00173733$ & $0.0118672$ & $-0.013775$ & $0.0396967$ & $0.0415033$ & $1$ & $-0.139339$ & $0.0699468$ & $-0.676572$ & $0.335763$ & $0.0268098$ & $0.0237089$ & $3.29601e-05$ & $-0.000530423$ & $-0.00423762$ & $0.0135235$ & $0.198533$ & $0.0219163$ & $0.0130737$ & $0.0049445$ & $0.00498421$ & $0.00491586$ & $-0.0020228$ & $0.0112321$ & $0.0125722$ & $0.00254174$ & $0.013892$ & $0.00916459$ & $0.0216752$ & $0.00100393$ & $0.00521637$ & $0.0110625$ \\
CHQ1_33 & $-0.0403018$ & $0.06533$ & $-0.0215773$ & $-0.00564299$ & $0.0036093$ & $0.0292687$ & $0.0728821$ & $-0.664312$ & $-0.656618$ & $0.546231$ & $0.296737$ & $-0.145435$ & $-0.339392$ & $0.475868$ & $0.106453$ & $0.100324$ & $0.657647$ & $0.610914$ & $0.613143$ & $-0.240134$ & $-0.349553$ & $-0.34761$ & $-0.139339$ & $1$ & $0.625083$ & $0.198858$ & $-0.426779$ & $-0.0175892$ & $-0.0214356$ & $-0.0766695$ & $-0.0508593$ & $0.063$ & $-0.0914152$ & $-0.626251$ & $-0.0159059$ & $-0.00068989$ & $-0.0146914$ & $-0.0187246$ & $-0.0188189$ & $-0.00603876$ & $0.000588254$ & $0.0262625$ & $-0.00665778$ & $-0.00276211$ & $-0.00592734$ & $0.00886737$ & $-0.0121937$ & $-0.0064522$ & $-0.0095733$ \\
CHQ3_11 & $-0.0808433$ & $0.0465402$ & $-0.016793$ & $0.0116911$ & $0.00318183$ & $-0.0923722$ & $0.0603845$ & $-0.383185$ & $-0.380399$ & $0.460924$ & $0.00234089$ & $-0.243878$ & $-0.321484$ & $0.598145$ & $-0.143491$ & $-0.138142$ & $0.770263$ & $0.793078$ & $0.795824$ & $0.0039231$ & $-0.00301057$ & $-0.00283697$ & $0.0699468$ & $0.625083$ & $1$ & $0.0194684$ & $0.220771$ & $0.00743849$ & $-0.0174602$ & $-0.0905933$ & $-0.0377857$ & $0.0372781$ & $-0.100897$ & $-0.172196$ & $-0.0481615$ & $0.00563787$ & $0.0130945$ & $-0.0220268$ & $-0.00321576$ & $0.0153646$ & $0.00261955$ & $0.0265085$ & $-0.0115319$ & $0.00563051$ & $-0.0194825$ & $-0.00795729$ & $0.00289852$ & $0.000165734$ & $-0.013866$ \\
CHu_11 & $-0.0475259$ & $0.0104631$ & $-0.00840566$ & $-0.0144183$ & $0.000390971$ & $0.112735$ & $0.016016$ & $-0.505632$ & $-0.495778$ & $0.222073$ & $0.561603$ & $0.06931$ & $-0.0937481$ & $-0.268441$ & $-0.213775$ & $-0.191787$ & $-0.124088$ & $0.0388227$ & $0.0194427$ & $-0.551135$ & $-0.562457$ & $-0.552203$ & $-0.676572$ & $0.198858$ & $0.0194684$ & $1$ & $-0.160499$ & $-0.202477$ & $-0.0234386$ & $-0.0106763$ & $-0.0185602$ & $0.0213015$ & $-0.0389373$ & $-0.236355$ & $0.00940045$ & $-0.0138705$ & $-0.0185282$ & $-0.00281269$ & $-0.0274058$ & $-0.0035127$ & $0.0055977$ & $0.00406945$ & $0.0104722$ & $-0.00877395$ & $0.0109207$ & $-0.00381246$ & $0.000360595$ & $-0.000841424$ & $-0.0200606$ \\
CHd_11 & $-0.0344876$ & $-0.0061249$ & $0.0115195$ & $0.03515$ & $-0.000600946$ & $-0.117488$ & $-0.0453881$ & $0.419817$ & $0.415253$ & $-0.226391$ & $-0.285204$ & $-0.033269$ & $0.118084$ & $-0.111545$ & $-0.391208$ & $-0.386381$ & $-0.142688$ & $-0.00245664$ & $0.00392279$ & $0.209028$ & $0.366444$ & $0.364475$ & $0.335763$ & $-0.426779$ & $0.220771$ & $-0.160499$ & $1$ & $0.122543$ & $0.00999147$ & $0.0124359$ & $0.0268886$ & $-0.0593726$ & $0.00305787$ & $0.687188$ & $-0.0145565$ & $0.00174888$ & $0.0206792$ & $-0.00027677$ & $-0.00589387$ & $0.0285852$ & $0.0063894$ & $0.00336743$ & $0.00055171$ & $0.00764182$ & $-0.00258984$ & $0.000513035$ & $0.0213811$ & $0.00606197$ & $-0.0131203$ \\
CHd_33 & $0.00252097$ & $-0.0124983$ & $0.0207801$ & $0.0282831$ & $-0.0067322$ & $-0.0807265$ & $-0.00852493$ & $0.303843$ & $0.297847$ & $-0.134007$ & $-0.338132$ & $-0.0500633$ & $0.0586284$ & $0.166202$ & $0.114187$ & $0.101681$ & $0.074877$ & $-0.0129503$ & $-0.00182243$ & $0.330872$ & $0.341473$ & $0.332892$ & $0.0268098$ & $-0.0175892$ & $0.00743849$ & $-0.202477$ & $0.122543$ & $1$ & $-0.00801005$ & $0.0102647$ & $0.0292804$ & $-0.0103776$ & $0.020987$ & $0.15109$ & $0.00970165$ & $0.00092392$ & $-0.00368955$ & $-0.00235457$ & $0.00525693$ & $0.030399$ & $-0.0141928$ & $0.00782834$ & $-0.0149613$ & $0.0343904$ & $0.0103533$ & $-0.0218322$ & $0.0270329$ & $0.0281474$ & $0.00359551$ \\
CeH_22r & $-0.0160213$ & $-0.00703106$ & $0.0399472$ & $0.0108569$ & $0.000678571$ & $-0.0109375$ & $0.0256091$ & $0.0207781$ & $0.0266692$ & $0.00597899$ & $-0.0118116$ & $0.0455724$ & $0.0268405$ & $-0.0138379$ & $0.00967427$ & $-0.00206756$ & $-0.0157855$ & $-0.0239664$ & $-0.019054$ & $0.0112295$ & $0.0125129$ & $0.00948498$ & $0.0237089$ & $-0.0214356$ & $-0.0174602$ & $-0.0234386$ & $0.00999147$ & $-0.00801005$ & $1$ & $0.0347716$ & $0.0273308$ & $0.00936482$ & $0.0457258$ & $0.00838304$ & $-0.0205785$ & $-0.0111767$ & $-0.00164711$ & $-0.0134245$ & $-0.0162624$ & $0.00961961$ & $-0.0107277$ & $-0.0214666$ & $0.00718274$ & $-0.011955$ & $-0.0190004$ & $0.0221656$ & $0.0207072$ & $0.0356974$ & $0.0124868$ \\
CeH_33r & $0.00436226$ & $0.00838261$ & $0.00817653$ & $0.00736944$ & $0.00775884$ & $-0.0054529$ & $-0.103518$ & $0.0701717$ & $0.0947734$ & $-0.0904125$ & $-0.0319902$ & $0.318816$ & $0.249166$ & $-0.0530582$ & $0.021073$ & $0.0364439$ & $-0.0790649$ & $-0.0831803$ & $-0.0960481$ & $0.0339403$ & $0.0321075$ & $0.0332428$ & $3.29601e-05$ & $-0.0766695$ & $-0.0905933$ & $-0.0106763$ & $0.0124359$ & $0.0102647$ & $0.0347716$ & $1$ & $0.299972$ & $0.0442652$ & $0.613385$ & $0.0379451$ & $-0.0194845$ & $-0.0432445$ & $-0.140833$ & $-0.0289378$ & $-0.0128753$ & $0.0173848$ & $-0.0100248$ & $-0.0191763$ & $0.0160874$ & $0.0340204$ & $0.0442207$ & $0.00400024$ & $-0.0393062$ & $0.0124193$ & $-0.0217516$ \\
CuH_22r & $0.0125429$ & $0.0155016$ & $0.0322877$ & $-0.00845291$ & $0.0247259$ & $0.00192205$ & $-0.0784917$ & $0.0571146$ & $0.0671752$ & $-0.0625856$ & $-0.0383693$ & $0.116501$ & $0.135857$ & $-0.00973721$ & $0.0179813$ & $0.0234461$ & $-0.0406079$ & $-0.0446603$ & $-0.0447059$ & $0.0377669$ & $0.039571$ & $0.0418743$ & $-0.000530423$ & $-0.0508593$ & $-0.0377857$ & $-0.0185602$ & $0.0268886$ & $0.0292804$ & $0.0273308$ & $0.299972$ & $1$ & $0.0128512$ & $0.351714$ & $0.0299937$ & $0.0305475$ & $0.00202549$ & $-0.0569807$ & $-0.0137087$ & $-0.0244934$ & $0.00919458$ & $0.00837179$ & $0.00854885$ & $0.0274978$ & $0.0648294$ & $-0.0370855$ & $0.102259$ & $0.345272$ & $0.0334096$ & $0.0352016$ \\
CuH_33r & $0.00940676$ & $0.0033771$ & $-0.00895601$ & $-0.00856401$ & $0.0211664$ & $-0.00273472$ & $0.935393$ & $-0.0783455$ & $-0.0332037$ & $0.0565451$ & $0.0544085$ & $-0.103321$ & $-0.207758$ & $0.0226621$ & $-0.0198279$ & $-0.00294292$ & $0.0417579$ & $0.0589721$ & $0.0477998$ & $-0.0501674$ & $-0.0581111$ & $-0.054247$ & $-0.00423762$ & $0.063$ & $0.0372781$ & $0.0213015$ & $-0.0593726$ & $-0.0103776$ & $0.00936482$ & $0.0442652$ & $0.0128512$ & $1$ & $0.0461684$ & $-0.0468637$ & $0.037837$ & $0.000562443$ & $-0.00434708$ & $-0.0131518$ & $-0.0114419$ & $-0.00791423$ & $0.00322702$ & $-0.00757616$ & $0.0164799$ & $0.0143616$ & $-0.00530326$ & $0.0309668$ & $0.0053563$ & $0.0204474$ & $0.000335257$ \\
CdH_33r & $0.0528048$ & $-0.0228266$ & $0.087214$ & $0.00640917$ & $0.00603356$ & $0.00879385$ & $-0.132551$ & $0.0834396$ & $0.106844$ & $-0.109449$ & $-0.0464078$ & $0.34955$ & $0.300333$ & $-0.0467846$ & $0.0368097$ & $0.0398587$ & $-0.0753463$ & $-0.0907192$ & $-0.0924583$ & $0.0475588$ & $0.0454538$ & $0.0475909$ & $0.0135235$ & $-0.0914152$ & $-0.100897$ & $-0.0389373$ & $0.00305787$ & $0.020987$ & $0.0457258$ & $0.613385$ & $0.351714$ & $0.0461684$ & $1$ & $0.034219$ & $0.0765902$ & $-0.073633$ & $-0.176613$ & $-0.0339438$ & $-0.0394299$ & $0.00691293$ & $0.0849096$ & $-0.023657$ & $0.0915574$ & $0.0247631$ & $0.00580834$ & $0.048026$ & $0.0495099$ & $0.176588$ & $0.51056$ \\
CLL_1221 & $0.0123425$ & $0.00126478$ & $0.0147127$ & $0.00993395$ & $-0.0064368$ & $-0.150449$ & $-0.0408032$ & $0.551032$ & $0.545276$ & $-0.342827$ & $-0.357711$ & $-0.0185768$ & $0.175134$ & $-0.21572$ & $-0.590966$ & $-0.0903994$ & $-0.221827$ & $0.0501415$ & $-0.330808$ & $0.276058$ & $0.4419$ & $0.440921$ & $0.198533$ & $-0.626251$ & $-0.172196$ & $-0.236355$ & $0.687188$ & $0.15109$ & $0.00838304$ & $0.0379451$ & $0.0299937$ & $-0.0468637$ & $0.034219$ & $1$ & $-0.0010588$ & $0.00455144$ & $0.0211187$ & $0.00823202$ & $0.0093547$ & $0.0348216$ & $0.00229597$ & $-0.00539798$ & $0.013314$ & $0.00215881$ & $-0.0123528$ & $0.0139134$ & $0.0125265$ & $-0.00895027$ & $-0.00837173$ \\
eHggint & $-0.0185092$ & $-0.100761$ & $-0.0415529$ & $-0.01379$ & $0.00700639$ & $-0.0163601$ & $-0.0564769$ & $-0.00948637$ & $-0.0342277$ & $0.0409818$ & $0.0366724$ & $0.11704$ & $0.0691282$ & $-0.0520905$ & $-0.0165388$ & $-0.00706675$ & $-0.0518017$ & $-0.0348661$ & $-0.0406115$ & $-0.037951$ & $-0.0375801$ & $-0.0328894$ & $0.0219163$ & $-0.0159059$ & $-0.0481615$ & $0.00940045$ & $-0.0145565$ & $0.00970165$ & $-0.0205785$ & $-0.0194845$ & $0.0305475$ & $0.037837$ & $0.0765902$ & $-0.0010588$ & $1$ & $-0.0836111$ & $0.00964221$ & $0.00508157$ & $-0.0514671$ & $-0.0200788$ & $0.0449339$ & $0.00259474$ & $0.0490072$ & $-0.0802342$ & $0.129594$ & $0.00386027$ & $0.0508133$ & $-0.0121073$ & $0.183165$ \\
eHggpar & $0.0141836$ & $-0.0416002$ & $-0.0602158$ & $-0.0593402$ & $-0.00105716$ & $0.00422084$ & $-0.0402635$ & $-0.00972687$ & $-0.0197156$ & $0.0387132$ & $0.00960332$ & $0.0341479$ & $-0.00217932$ & $0.000506103$ & $-0.0211586$ & $-0.0171377$ & $-0.00175526$ & $0.0134071$ & $0.0140126$ & $-0.0119405$ & $-0.0105191$ & $-0.00196086$ & $0.0130737$ & $-0.00068989$ & $0.00563787$ & $-0.0138705$ & $0.00174888$ & $0.00092392$ & $-0.0111767$ & $-0.0432445$ & $0.00202549$ & $0.000562443$ & $-0.073633$ & $0.00455144$ & $-0.0836111$ & $1$ & $0.0734143$ & $0.00838874$ & $0.0597837$ & $0.0116903$ & $-0.0438459$ & $0.00848981$ & $0.0381917$ & $-0.0949792$ & $0.0366003$ & $-0.0700095$ & $0.0794442$ & $-0.109304$ & $-0.0243758$ \\
eHWWint & $-0.0129803$ & $-0.055297$ & $0.0256476$ & $-0.0631385$ & $-3.98926e-05$ & $-0.0303817$ & $0.0297445$ & $0.0199572$ & $0.0112319$ & $0.00280607$ & $-0.022678$ & $-0.0179796$ & $-0.017724$ & $0.0184685$ & $-0.0098618$ & $-0.00935119$ & $0.00945865$ & $0.0132892$ & $0.015898$ & $0.017915$ & $0.0245506$ & $0.0256391$ & $0.0049445$ & $-0.0146914$ & $0.0130945$ & $-0.0185282$ & $0.0206792$ & $-0.00368955$ & $-0.00164711$ & $-0.140833$ & $-0.0569807$ & $-0.00434708$ & $-0.176613$ & $0.0211187$ & $0.00964221$ & $0.0734143$ & $1$ & $0.0333815$ & $-0.0664228$ & $0.0214804$ & $-0.0575531$ & $-0.00486538$ & $-0.0339453$ & $-0.0173984$ & $0.0829086$ & $0.0376071$ & $0.0357731$ & $0.0712015$ & $-0.0323218$ \\
eHWWpar & $0.00494038$ & $-0.0224299$ & $0.0436925$ & $0.00499722$ & $-0.0126994$ & $0.000522387$ & $-0.00668524$ & $0.000418298$ & $-0.00323813$ & $-0.00373336$ & $0.0114274$ & $0.00492501$ & $-0.00662791$ & $-0.029022$ & $-0.00650744$ & $-0.0300222$ & $-0.0124795$ & $-0.0185889$ & $-0.00141965$ & $-0.0141382$ & $-0.00993986$ & $-0.0124934$ & $0.00498421$ & $-0.0187246$ & $-0.0220268$ & $-0.00281269$ & $-0.00027677$ & $-0.00235457$ & $-0.0134245$ & $-0.0289378$ & $-0.0137087$ & $-0.0131518$ & $-0.0339438$ & $0.00823202$ & $0.00508157$ & $0.00838874$ & $0.0333815$ & $1$ & $0.0145583$ & $0.0312805$ & $-0.01469$ & $-0.000708441$ & $-0.022707$ & $-0.0169218$ & $0.0136292$ & $-9.79986e-05$ & $-0.0172266$ & $-0.0191582$ & $-0.00933906$ \\
eHZZint & $0.0471439$ & $0.0118287$ & $0.0231662$ & $-0.0259441$ & $-0.0116289$ & $-0.0135016$ & $-0.0235154$ & $0.0237953$ & $0.0201615$ & $-0.0117436$ & $-0.0295363$ & $-0.00519059$ & $0.0113031$ & $0.0120524$ & $0.01509$ & $0.0320748$ & $0.0116057$ & $0.00160488$ & $-0.0123507$ & $0.0326973$ & $0.0280748$ & $0.0284188$ & $0.00491586$ & $-0.0188189$ & $-0.00321576$ & $-0.0274058$ & $-0.00589387$ & $0.00525693$ & $-0.0162624$ & $-0.0128753$ & $-0.0244934$ & $-0.0114419$ & $-0.0394299$ & $0.0093547$ & $-0.0514671$ & $0.0597837$ & $-0.0664228$ & $0.0145583$ & $1$ & $-0.0191955$ & $-0.122876$ & $0.015672$ & $-0.018127$ & $0.0282107$ & $-0.0233821$ & $-0.00599567$ & $-0.0837631$ & $-0.124086$ & $-0.0319832$ \\
eHZZpar & $-0.0131365$ & $-0.0161505$ & $0.00416599$ & $-0.0383555$ & $0.0241158$ & $-0.0259653$ & $-0.0188619$ & $0.0203846$ & $0.0183509$ & $0.0076451$ & $-0.0236151$ & $0.0142862$ & $0.0137633$ & $0.00425474$ & $-0.0181942$ & $-0.00300417$ & $0.0175642$ & $0.0189281$ & $0.00725735$ & $0.0228865$ & $0.0267862$ & $0.0234933$ & $-0.0020228$ & $-0.00603876$ & $0.0153646$ & $-0.0035127$ & $0.0285852$ & $0.030399$ & $0.00961961$ & $0.0173848$ & $0.00919458$ & $-0.00791423$ & $0.00691293$ & $0.0348216$ & $-0.0200788$ & $0.0116903$ & $0.0214804$ & $0.0312805$ & $-0.0191955$ & $1$ & $0.00476703$ & $-0.017177$ & $-0.0167723$ & $0.0465087$ & $-0.0147809$ & $-0.0065487$ & $0.0243971$ & $0.0389637$ & $-0.0326529$ \\
eHZgaint & $-0.0582352$ & $-0.127565$ & $0.0904201$ & $0.0182863$ & $-0.0294318$ & $0.0124022$ & $0.00525965$ & $-0.0166335$ & $-0.0171294$ & $-0.034896$ & $0.0306181$ & $-0.0402869$ & $-0.0119284$ & $-0.0162832$ & $-0.0325035$ & $-0.0165305$ & $-0.0273794$ & $0.00159178$ & $-0.0105823$ & $-0.0348156$ & $-0.0314724$ & $-0.0268437$ & $0.0112321$ & $0.000588254$ & $0.00261955$ & $0.0055977$ & $0.0063894$ & $-0.0141928$ & $-0.0107277$ & $-0.0100248$ & $0.00837179$ & $0.00322702$ & $0.0849096$ & $0.00229597$ & $0.0449339$ & $-0.0438459$ & $-0.0575531$ & $-0.01469$ & $-0.122876$ & $0.00476703$ & $1$ & $-0.0288738$ & $0.0431769$ & $0.190495$ & $0.0128586$ & $0.0694274$ & $0.00870301$ & $0.130911$ & $0.145723$ \\
eHZgapar & $-0.0430891$ & $0.0183057$ & $0.000539573$ & $-0.0047056$ & $-0.00391418$ & $-0.00512154$ & $-0.00795397$ & $-0.0195338$ & $-0.023202$ & $0.0178614$ & $0.0120624$ & $-0.00393499$ & $0.00251339$ & $0.000157333$ & $-0.0092509$ & $-0.00225289$ & $0.0187677$ & $0.0197779$ & $0.0143362$ & $-0.00837704$ & $-0.0105185$ & $-0.00843651$ & $0.0125722$ & $0.0262625$ & $0.0265085$ & $0.00406945$ & $0.00336743$ & $0.00782834$ & $-0.0214666$ & $-0.0191763$ & $0.00854885$ & $-0.00757616$ & $-0.023657$ & $-0.00539798$ & $0.00259474$ & $0.00848981$ & $-0.00486538$ & $-0.000708441$ & $0.015672$ & $-0.017177$ & $-0.0288738$ & $1$ & $0.00974145$ & $-0.00103752$ & $-0.00837315$ & $0.00767129$ & $-0.00301683$ & $-0.000110118$ & $-0.035577$ \\
eHgagaint & $0.116091$ & $-0.00678963$ & $-0.0251152$ & $0.0248711$ & $-0.00193513$ & $0.0138195$ & $0.000106733$ & $-0.0235876$ & $0.0416787$ & $0.0272212$ & $0.0299295$ & $0.0238925$ & $0.00324954$ & $-0.0130846$ & $-0.0411006$ & $-0.0116825$ & $-0.0182775$ & $0.0171219$ & $-0.00228421$ & $-0.0313447$ & $-0.0295856$ & $-0.0195847$ & $0.00254174$ & $-0.00665778$ & $-0.0115319$ & $0.0104722$ & $0.00055171$ & $-0.0149613$ & $0.00718274$ & $0.0160874$ & $0.0274978$ & $0.0164799$ & $0.0915574$ & $0.013314$ & $0.0490072$ & $0.0381917$ & $-0.0339453$ & $-0.022707$ & $-0.018127$ & $-0.0167723$ & $0.0431769$ & $0.00974145$ & $1$ & $-0.0182501$ & $0.118743$ & $0.0101309$ & $0.0441875$ & $0.0706605$ & $0.111469$ \\
eHmumuint & $-0.0814501$ & $-0.0955596$ & $0.0856102$ & $-0.0580486$ & $-0.0145113$ & $-0.0185819$ & $0.021848$ & $0.0184806$ & $0.0215355$ & $-0.0375689$ & $-0.0150993$ & $-0.0308193$ & $-0.00815135$ & $-0.000843608$ & $0.00878641$ & $0.0102614$ & $-0.000477543$ & $-0.00714822$ & $-0.00984486$ & $0.0160021$ & $0.0146454$ & $0.011299$ & $0.013892$ & $-0.00276211$ & $0.00563051$ & $-0.00877395$ & $0.00764182$ & $0.0343904$ & $-0.011955$ & $0.0340204$ & $0.0648294$ & $0.0143616$ & $0.0247631$ & $0.00215881$ & $-0.0802342$ & $-0.0949792$ & $-0.0173984$ & $-0.0169218$ & $0.0282107$ & $0.0465087$ & $0.190495$ & $-0.00103752$ & $-0.0182501$ & $1$ & $0.00598384$ & $0.17944$ & $0.127435$ & $0.0386247$ & $-0.00144572$ \\
eHtautauint & $-0.0329937$ & $-0.129777$ & $-0.0420441$ & $0.0808976$ & $0.00454447$ & $0.0332754$ & $-0.0122774$ & $0.00149801$ & $0.00654758$ & $0.00779321$ & $0.0114619$ & $0.0410314$ & $0.0355876$ & $-0.0123679$ & $-0.00247003$ & $-0.0204218$ & $-0.0323512$ & $-0.0192727$ & $-0.00761734$ & $-0.013044$ & $-0.0137876$ & $-0.0181486$ & $0.00916459$ & $-0.00592734$ & $-0.0194825$ & $0.0109207$ & $-0.00258984$ & $0.0103533$ & $-0.0190004$ & $0.0442207$ & $-0.0370855$ & $-0.00530326$ & $0.00580834$ & $-0.0123528$ & $0.129594$ & $0.0366003$ & $0.0829086$ & $0.0136292$ & $-0.0233821$ & $-0.0147809$ & $0.0128586$ & $-0.00837315$ & $0.118743$ & $0.00598384$ & $1$ & $-0.0723236$ & $-0.0180637$ & $0.0991882$ & $0.0307464$ \\
eHccint & $0.0995201$ & $0.111976$ & $-0.0734513$ & $0.104679$ & $0.0289713$ & $0.00548579$ & $0.0253295$ & $-0.0347648$ & $-0.0367581$ & $0.000265326$ & $0.0365867$ & $-0.0164689$ & $-0.0177077$ & $-0.028497$ & $-0.0348209$ & $-0.0107205$ & $0.000947464$ & $0.0142202$ & $-0.00362814$ & $-0.0376517$ & $-0.0333947$ & $-0.0318351$ & $0.0216752$ & $0.00886737$ & $-0.00795729$ & $-0.00381246$ & $0.000513035$ & $-0.0218322$ & $0.0221656$ & $0.00400024$ & $0.102259$ & $0.0309668$ & $0.048026$ & $0.0139134$ & $0.00386027$ & $-0.0700095$ & $0.0376071$ & $-9.79986e-05$ & $-0.00599567$ & $-0.0065487$ & $0.0694274$ & $0.00767129$ & $0.0101309$ & $0.17944$ & $-0.0723236$ & $1$ & $0.0696727$ & $0.0563367$ & $0.0755163$ \\
eHccpar & $-0.0284956$ & $-0.0161206$ & $0.0564679$ & $-0.0213719$ & $-0.00169976$ & $0.00834896$ & $0.0045084$ & $0.0112083$ & $0.00889965$ & $0.0062943$ & $-0.00385913$ & $0.0107286$ & $0.0175255$ & $-0.0050647$ & $-0.00577419$ & $0.000103837$ & $-0.0109205$ & $-0.00930352$ & $-0.00673487$ & $0.00128031$ & $0.00609758$ & $0.00686046$ & $0.00100393$ & $-0.0121937$ & $0.00289852$ & $0.000360595$ & $0.0213811$ & $0.0270329$ & $0.0207072$ & $-0.0393062$ & $0.345272$ & $0.0053563$ & $0.0495099$ & $0.0125265$ & $0.0508133$ & $0.0794442$ & $0.0357731$ & $-0.0172266$ & $-0.0837631$ & $0.0243971$ & $0.00870301$ & $-0.00301683$ & $0.0441875$ & $0.127435$ & $-0.0180637$ & $0.0696727$ & $1$ & $0.138918$ & $0.104409$ \\
eHbbint & $-0.0789063$ & $-0.0602607$ & $0.171351$ & $-0.12334$ & $-0.0142934$ & $0.0072417$ & $0.0250424$ & $0.0132761$ & $0.0217586$ & $-0.027094$ & $-0.00699338$ & $-0.0244958$ & $-0.00382786$ & $0.00168025$ & $0.0162996$ & $-0.00799975$ & $-0.011902$ & $-0.0193111$ & $-0.00220968$ & $0.00613986$ & $0.00614221$ & $0.00397235$ & $0.00521637$ & $-0.0064522$ & $0.000165734$ & $-0.000841424$ & $0.00606197$ & $0.0281474$ & $0.0356974$ & $0.0124193$ & $0.0334096$ & $0.0204474$ & $0.176588$ & $-0.00895027$ & $-0.0121073$ & $-0.109304$ & $0.0712015$ & $-0.0191582$ & $-0.124086$ & $0.0389637$ & $0.130911$ & $-0.000110118$ & $0.0706605$ & $0.0386247$ & $0.0991882$ & $0.0563367$ & $0.138918$ & $1$ & $0.05977$ \\
eHbbpar & $0.0995742$ & $-0.0642737$ & $0.100176$ & $0.0558447$ & $-0.0105199$ & $0.00274122$ & $-0.0189632$ & $0.00424253$ & $0.00322459$ & $0.00911272$ & $-0.00574684$ & $0.0119284$ & $0.0227667$ & $0.00393172$ & $0.0095462$ & $0.0016259$ & $0.00475699$ & $-0.00361244$ & $0.00618511$ & $0.00285956$ & $0.00327236$ & $0.00577251$ & $0.0110625$ & $-0.0095733$ & $-0.013866$ & $-0.0200606$ & $-0.0131203$ & $0.00359551$ & $0.0124868$ & $-0.0217516$ & $0.0352016$ & $0.000335257$ & $0.51056$ & $-0.00837173$ & $0.183165$ & $-0.0243758$ & $-0.0323218$ & $-0.00933906$ & $-0.0319832$ & $-0.0326529$ & $0.145723$ & $-0.035577$ & $0.111469$ & $-0.00144572$ & $0.0307464$ & $0.0755163$ & $0.104409$ & $0.05977$ & $1$ \\
