 & AlsMz & dAle5Mz & mtop & mHl & Mz & CW & CHG & CHWB & CHWHB_gaga & CHWHB_gagaorth & CHD & CHbox & CHL1_11 & CHL1_22 & CHL1_33 & CHL3_11 & CHL3_22 & CHL3_33 & CHe_11 & CHe_22 & CHe_33 & CHQ1_11 & CHQ1_33 & CHQ3_11 & CHu_11 & CHd_11 & CHd_33 & CeH_22r & CeH_33r & CuH_22r & CuH_33r & CdH_33r & CLL_1221 & eHggint & eHggpar & eHWWint & eHWWpar & eHZZint & eHZZpar & eHZgaint & eHZgapar & eHgagaint & eHmumuint & eHtautauint & eHccint & eHccpar & eHbbint & eHbbpar \\
AlsMz & $1$ & $0.471407$ & $-0.169091$ & $-0.0595585$ & $-0.0197715$ & $0.00421978$ & $-0.0531206$ & $-0.0132559$ & $-0.0366632$ & $-0.00404452$ & $0.00560096$ & $-0.00271063$ & $-0.0043677$ & $-0.0203128$ & $-0.000609388$ & $-0.00012676$ & $0.0134863$ & $-0.00400668$ & $-0.00510956$ & $-0.00300296$ & $-0.00380922$ & $-0.0115643$ & $-0.0305738$ & $-0.0491391$ & $-0.00268101$ & $-0.00143457$ & $0.0154425$ & $0.0197625$ & $-0.0328699$ & $0.117531$ & $-0.0496069$ & $-0.0083299$ & $0.0226362$ & $0.304654$ & $-0.221861$ & $0.272348$ & $-0.029478$ & $0.132064$ & $0.0174826$ & $0.176329$ & $0.173303$ & $-0.561866$ & $-0.026538$ & $-0.0661343$ & $-0.067621$ & $0.556376$ & $0.323126$ & $0.0309674$ \\
dAle5Mz & $0.471407$ & $1$ & $0.110081$ & $-0.278131$ & $-0.0263802$ & $-0.0044806$ & $-0.0533014$ & $0.00273636$ & $-0.0127594$ & $-0.00159311$ & $-0.02015$ & $-0.00626488$ & $0.0201552$ & $-0.00562596$ & $0.00460604$ & $0.0224833$ & $0.0200107$ & $0.0126757$ & $0.02879$ & $0.0327721$ & $0.0339007$ & $-0.0047327$ & $-0.0146875$ & $-0.00991583$ & $-0.017304$ & $0.0185218$ & $0.0209202$ & $0.0172763$ & $-0.019206$ & $0.123321$ & $-0.0481954$ & $-0.0356081$ & $0.0415351$ & $0.131444$ & $0.239097$ & $-0.122588$ & $0.0456176$ & $0.0910674$ & $0.0105583$ & $-0.134647$ & $0.133832$ & $-0.348134$ & $0.0579374$ & $-0.117541$ & $-0.390586$ & $0.628583$ & $0.318135$ & $-0.196199$ \\
mtop & $-0.169091$ & $0.110081$ & $1$ & $-0.235448$ & $-0.0200781$ & $0.018589$ & $0.00514158$ & $-0.0134688$ & $-0.00162296$ & $0.015904$ & $0.0213118$ & $0.00809393$ & $-0.0122582$ & $-0.00594116$ & $-0.0246037$ & $-0.0103689$ & $-0.00779219$ & $0.0083249$ & $-0.0176288$ & $-0.0147137$ & $-0.0144498$ & $0.0140516$ & $0.00824912$ & $0.0107009$ & $0.00870952$ & $0.0142574$ & $-0.00149037$ & $0.0154366$ & $0.0367007$ & $-0.0246738$ & $-0.00472922$ & $0.0272637$ & $-0.00217041$ & $-0.195029$ & $-0.208688$ & $-0.358269$ & $0.0376431$ & $-0.319426$ & $0.00354106$ & $-0.388526$ & $-0.0677112$ & $0.183325$ & $0.131137$ & $0.0402888$ & $-0.51071$ & $-0.0924749$ & $-0.0334013$ & $-0.0365129$ \\
mHl & $-0.0595585$ & $-0.278131$ & $-0.235448$ & $1$ & $-0.0308803$ & $-0.00520668$ & $-0.0392471$ & $0.00403637$ & $0.00736477$ & $-0.0101482$ & $0.00655023$ & $-0.0129149$ & $-0.0166793$ & $-0.0300032$ & $-0.0216649$ & $-0.0137886$ & $0.00459182$ & $-0.00575024$ & $-0.0121468$ & $-0.00725681$ & $-0.00794448$ & $-0.00283474$ & $-0.0114023$ & $0.0101793$ & $0.00612703$ & $0.0280063$ & $-0.00856328$ & $-0.0102475$ & $-0.0176441$ & $-0.0880423$ & $-0.0605704$ & $-0.0331777$ & $0.0200052$ & $-0.178948$ & $-0.445252$ & $0.177082$ & $-0.122327$ & $0.205634$ & $-0.00607678$ & $0.267155$ & $-0.0331378$ & $0.075955$ & $0.158783$ & $-0.169942$ & $0.219713$ & $-0.369207$ & $-0.127235$ & $-0.0919482$ \\
Mz & $-0.0197715$ & $-0.0263802$ & $-0.0200781$ & $-0.0308803$ & $1$ & $-0.00156159$ & $0.0160922$ & $0.0156185$ & $0.0161527$ & $-0.0111084$ & $-0.0122709$ & $-0.00810556$ & $0.0196359$ & $-0.00160876$ & $0.00901505$ & $0.00910504$ & $0.0113895$ & $0.00355643$ & $0.0192712$ & $0.0214534$ & $0.0222875$ & $0.0154394$ & $-0.00384052$ & $0.0142493$ & $-0.022026$ & $0.0168671$ & $0.000824481$ & $-0.0050998$ & $0.00948446$ & $-0.00917148$ & $0.0181933$ & $0.0114272$ & $0.0105294$ & $-0.00839918$ & $0.0160918$ & $-0.00831061$ & $0.00213263$ & $-0.0253421$ & $-0.0224371$ & $0.0302637$ & $-0.0149302$ & $-0.00852626$ & $0.0130364$ & $-0.0108959$ & $0.0253296$ & $-0.0349801$ & $-0.0120452$ & $0.0212749$ \\
CW & $0.00421978$ & $-0.0044806$ & $0.018589$ & $-0.00520668$ & $-0.00156159$ & $1$ & $0.0132806$ & $-0.126804$ & $-0.122261$ & $0.0133296$ & $0.178036$ & $0.0487555$ & $0.0317454$ & $-0.0743963$ & $-0.0726937$ & $-0.273965$ & $-0.0515744$ & $-0.0538063$ & $-0.175752$ & $-0.181746$ & $-0.17966$ & $-0.0128906$ & $0.0068846$ & $-0.093557$ & $0.106051$ & $-0.0793323$ & $-0.0625195$ & $0.00611869$ & $-7.92815e-05$ & $-0.00453839$ & $0.0142043$ & $-0.0058456$ & $-0.124819$ & $-0.00240617$ & $-0.0227455$ & $-0.021668$ & $-0.0039748$ & $0.0144625$ & $-0.00484302$ & $-0.0172433$ & $-0.0147846$ & $0.00710597$ & $-0.00798607$ & $0.0173743$ & $-0.0120793$ & $-0.00713126$ & $-0.0117467$ & $-0.0015584$ \\
CHG & $-0.0531206$ & $-0.0533014$ & $0.00514158$ & $-0.0392471$ & $0.0160922$ & $0.0132806$ & $1$ & $0.00778285$ & $0.0643556$ & $-0.00288921$ & $-0.00145072$ & $-0.0105194$ & $-0.00436006$ & $-0.0126255$ & $-0.0149716$ & $-0.011404$ & $-0.00160779$ & $0.000673293$ & $0.000311165$ & $0.00319214$ & $0.00321832$ & $0.01092$ & $-0.0129951$ & $0.00663243$ & $0.00561584$ & $0.0256436$ & $-0.000513371$ & $0.0150705$ & $-0.0538743$ & $-0.0471999$ & $0.929283$ & $-0.0636524$ & $0.0132306$ & $-0.0160175$ & $0.0191556$ & $-0.0273527$ & $-0.0277804$ & $-0.0582709$ & $0.053648$ & $0.0125803$ & $0.00686319$ & $0.0313911$ & $-0.0226548$ & $-0.0838026$ & $0.00700314$ & $-0.0607666$ & $0.0146147$ & $0.0504124$ \\
CHWB & $-0.0132559$ & $0.00273636$ & $-0.0134688$ & $0.00403637$ & $0.0156185$ & $-0.126804$ & $0.00778285$ & $1$ & $0.983129$ & $-0.535618$ & $-0.890261$ & $-0.307596$ & $0.200433$ & $0.291486$ & $0.289408$ & $-0.135023$ & $-0.351971$ & $-0.349663$ & $0.861606$ & $0.906608$ & $0.888454$ & $0.0690309$ & $-0.630656$ & $-0.317773$ & $-0.512911$ & $0.412774$ & $0.304242$ & $-0.0101309$ & $0.00426621$ & $0.00843406$ & $-0.00762212$ & $-0.0150673$ & $0.538115$ & $-0.014924$ & $0.00883053$ & $0.00310036$ & $-0.00179637$ & $0.0265896$ & $0.00458409$ & $-0.00625271$ & $-0.0122782$ & $0.00508345$ & $0.00744333$ & $-0.00362232$ & $0.021621$ & $-0.00202473$ & $-0.0148193$ & $-0.0161772$ \\
CHWHB_gaga & $-0.0366632$ & $-0.0127594$ & $-0.00162296$ & $0.00736477$ & $0.0161527$ & $-0.122261$ & $0.0643556$ & $0.983129$ & $1$ & $-0.526203$ & $-0.870826$ & $-0.28104$ & $0.188567$ & $0.286832$ & $0.282533$ & $-0.142122$ & $-0.354589$ & $-0.350816$ & $0.842985$ & $0.886922$ & $0.868901$ & $0.0691964$ & $-0.624633$ & $-0.318335$ & $-0.502012$ & $0.405833$ & $0.295931$ & $-0.00437847$ & $0.0291295$ & $0.0163596$ & $0.0390485$ & $0.0123823$ & $0.527789$ & $-0.0319253$ & $0.00626506$ & $-0.00849144$ & $-0.00468839$ & $0.0205401$ & $0.00301925$ & $-0.0126494$ & $-0.0214056$ & $0.0387973$ & $0.00836355$ & $-0.00684414$ & $0.0219257$ & $-0.0206116$ & $-0.0352569$ & $-0.0165596$ \\
CHWHB_gagaorth & $-0.00404452$ & $-0.00159311$ & $0.015904$ & $-0.0101482$ & $-0.0111084$ & $0.0133296$ & $-0.00288921$ & $-0.535618$ & $-0.526203$ & $1$ & $0.332341$ & $0.659793$ & $0.179676$ & $-0.102945$ & $-0.108802$ & $0.384097$ & $0.437446$ & $0.440536$ & $-0.319364$ & $-0.348003$ & $-0.34093$ & $-0.0527311$ & $0.522313$ & $0.431323$ & $0.194757$ & $-0.223025$ & $-0.114687$ & $0.00833457$ & $-0.0653729$ & $-0.0391508$ & $0.0218889$ & $-0.0732479$ & $-0.323402$ & $0.0151341$ & $0.00929597$ & $-0.0129241$ & $0.0124763$ & $-0.0262734$ & $0.00514827$ & $-0.0278069$ & $0.0150741$ & $-0.00486238$ & $-0.00743945$ & $0.0153022$ & $-0.0223598$ & $-0.00877351$ & $0.00299157$ & $0.00802571$ \\
CHD & $0.00560096$ & $-0.02015$ & $0.0213118$ & $0.00655023$ & $-0.0122709$ & $0.178036$ & $-0.00145072$ & $-0.890261$ & $-0.870826$ & $0.332341$ & $1$ & $0.321007$ & $-0.574802$ & $-0.416446$ & $-0.407884$ & $-0.293312$ & $0.0138059$ & $0.00917605$ & $-0.990485$ & $-0.991227$ & $-0.969483$ & $-0.0160458$ & $0.281455$ & $-0.0382508$ & $0.565292$ & $-0.283011$ & $-0.330848$ & $0.012869$ & $-0.00459034$ & $-0.0131511$ & $0.014853$ & $0.00935242$ & $-0.350334$ & $0.0191214$ & $-0.0176279$ & $-0.00645161$ & $-0.0027215$ & $-0.0349499$ & $-0.00179067$ & $0.010029$ & $0.00260303$ & $0.00818219$ & $-0.0053254$ & $-0.000442631$ & $-0.0200324$ & $-0.0171385$ & $0.0196534$ & $0.0135091$ \\
CHbox & $-0.00271063$ & $-0.00626488$ & $0.00809393$ & $-0.0129149$ & $-0.00810556$ & $0.0487555$ & $-0.0105194$ & $-0.307596$ & $-0.28104$ & $0.659793$ & $0.321007$ & $1$ & $-0.168469$ & $-0.0487897$ & $-0.046114$ & $-0.0740533$ & $-0.0133807$ & $-0.014679$ & $-0.299205$ & $-0.332476$ & $-0.322483$ & $-0.0332369$ & $0.149486$ & $-0.0138953$ & $0.185282$ & $-0.175389$ & $-0.109973$ & $0.0399117$ & $0.198422$ & $0.0353731$ & $0.066134$ & $0.264385$ & $-0.206102$ & $0.0499071$ & $0.0167547$ & $-0.0167907$ & $0.0143447$ & $-0.0353873$ & $0.0112613$ & $-0.0172475$ & $-0.00176988$ & $-0.00191942$ & $-0.0169607$ & $-0.00137849$ & $-0.0191238$ & $-0.0205344$ & $0.0242703$ & $0.0162483$ \\
CHL1_11 & $-0.0043677$ & $0.0201552$ & $-0.0122582$ & $-0.0166793$ & $0.0196359$ & $0.0317454$ & $-0.00436006$ & $0.200433$ & $0.188567$ & $0.179676$ & $-0.574802$ & $-0.168469$ & $1$ & $0.29707$ & $0.286225$ & $0.630289$ & $0.557753$ & $0.559223$ & $0.590878$ & $0.538134$ & $0.521293$ & $-0.0669288$ & $0.409509$ & $0.563957$ & $-0.313571$ & $-0.0660267$ & $0.177646$ & $-0.0157643$ & $0.0059253$ & $0.0146202$ & $-0.0128411$ & $0.0094364$ & $-0.164672$ & $-0.0234037$ & $0.0155122$ & $0.00229701$ & $0.0075859$ & $0.025322$ & $-0.00696568$ & $-0.012894$ & $0.0065874$ & $-0.0152096$ & $0.00575706$ & $0.0157694$ & $0.00760565$ & $0.0214924$ & $-0.023084$ & $-0.00623103$ \\
CHL1_22 & $-0.0203128$ & $-0.00562596$ & $-0.00594116$ & $-0.0300032$ & $-0.00160876$ & $-0.0743963$ & $-0.0126255$ & $0.291486$ & $0.286832$ & $-0.102945$ & $-0.416446$ & $-0.0487897$ & $0.29707$ & $1$ & $0.450252$ & $0.207936$ & $-0.460886$ & $-0.00871615$ & $0.483203$ & $0.330898$ & $0.317829$ & $-0.175887$ & $0.145919$ & $-0.118231$ & $-0.192861$ & $-0.413192$ & $0.108889$ & $0.000360863$ & $0.00614211$ & $0.00341387$ & $-0.0158847$ & $0.00227456$ & $-0.620543$ & $-0.00814031$ & $0.00823846$ & $-0.00968684$ & $0.0197299$ & $0.00836361$ & $0.00370319$ & $-0.0166995$ & $-0.00251538$ & $0.00436453$ & $-0.00261869$ & $0.0210341$ & $-0.0104777$ & $0.0142527$ & $-0.0207887$ & $-0.00601823$ \\
CHL1_33 & $-0.000609388$ & $0.00460604$ & $-0.0246037$ & $-0.0216649$ & $0.00901505$ & $-0.0726937$ & $-0.0149716$ & $0.289408$ & $0.282533$ & $-0.108802$ & $-0.407884$ & $-0.046114$ & $0.286225$ & $0.450252$ & $1$ & $0.195232$ & $-0.0152744$ & $-0.447856$ & $0.472995$ & $0.325463$ & $0.340335$ & $-0.167532$ & $0.138346$ & $-0.113975$ & $-0.191315$ & $-0.391905$ & $0.0977555$ & $-0.000982406$ & $0.00430881$ & $0.0042961$ & $-0.0180856$ & $-0.00602329$ & $-0.121348$ & $-0.0026013$ & $0.0123569$ & $-0.00451117$ & $0.0206932$ & $0.0208391$ & $0.00152798$ & $-0.00149188$ & $0.00361715$ & $-0.00669712$ & $-0.00476608$ & $0.00938592$ & $0.0113948$ & $0.023637$ & $-0.0167629$ & $-0.00955668$ \\
CHL3_11 & $-0.00012676$ & $0.0224833$ & $-0.0103689$ & $-0.0137886$ & $0.00910504$ & $-0.273965$ & $-0.011404$ & $-0.135023$ & $-0.142122$ & $0.384097$ & $-0.293312$ & $-0.0740533$ & $0.630289$ & $0.207936$ & $0.195232$ & $1$ & $0.689171$ & $0.695401$ & $0.314739$ & $0.262491$ & $0.25458$ & $-0.0674113$ & $0.623386$ & $0.747291$ & $-0.156145$ & $-0.124776$ & $0.0851897$ & $-0.00542911$ & $-0.00323411$ & $0.00276628$ & $-0.0159401$ & $0.00682332$ & $-0.195188$ & $-0.0119317$ & $0.019395$ & $0.0114464$ & $0.00681585$ & $0.0119597$ & $-0.00610505$ & $-0.00792749$ & $0.0193453$ & $-0.0184446$ & $-0.00507942$ & $0.00123808$ & $0.000829109$ & $0.0271777$ & $-0.0103764$ & $0.0106131$ \\
CHL3_22 & $0.0134863$ & $0.0200107$ & $-0.00779219$ & $0.00459182$ & $0.0113895$ & $-0.0515744$ & $-0.00160779$ & $-0.351971$ & $-0.354589$ & $0.437446$ & $0.0138059$ & $-0.0133807$ & $0.557753$ & $-0.460886$ & $-0.0152744$ & $0.689171$ & $1$ & $0.62383$ & $-0.0205449$ & $-0.00221414$ & $0.00103057$ & $0.0211183$ & $0.550821$ & $0.766642$ & $-0.00436725$ & $0.0544066$ & $-0.00330058$ & $-0.00728632$ & $-0.00330684$ & $0.00416388$ & $-0.00236714$ & $0.00891929$ & $0.128457$ & $-0.00941598$ & $0.00878173$ & $0.0118929$ & $-0.00521142$ & $0.00924877$ & $-0.00872202$ & $0.00384037$ & $0.0168154$ & $-0.0190025$ & $-0.00130151$ & $-0.00543362$ & $0.0107731$ & $0.0136571$ & $-0.00391631$ & $0.0112357$ \\
CHL3_33 & $-0.00400668$ & $0.0126757$ & $0.0083249$ & $-0.00575024$ & $0.00355643$ & $-0.0538063$ & $0.000673293$ & $-0.349663$ & $-0.350816$ & $0.440536$ & $0.00917605$ & $-0.014679$ & $0.559223$ & $-0.00871615$ & $-0.447856$ & $0.695401$ & $0.62383$ & $1$ & $-0.0149086$ & $0.00168652$ & $0.00462274$ & $0.0165468$ & $0.552973$ & $0.764234$ & $-0.00414234$ & $0.0455498$ & $0.00378013$ & $-0.00402973$ & $-0.00234909$ & $0.00283847$ & $-0.000312987$ & $0.0144136$ & $-0.284469$ & $-0.0118294$ & $0.0080175$ & $0.00586514$ & $-0.00512124$ & $-0.00311803$ & $-0.00531572$ & $-0.0103221$ & $0.012291$ & $-0.00831982$ & $-0.000432068$ & $0.00439299$ & $-0.00745106$ & $0.00715455$ & $-0.00621918$ & $0.013239$ \\
CHe_11 & $-0.00510956$ & $0.02879$ & $-0.0176288$ & $-0.0121468$ & $0.0192712$ & $-0.175752$ & $0.000311165$ & $0.861606$ & $0.842985$ & $-0.319364$ & $-0.990485$ & $-0.299205$ & $0.590878$ & $0.483203$ & $0.472995$ & $0.314739$ & $-0.0205449$ & $-0.0149086$ & $1$ & $0.972309$ & $0.951228$ & $-0.00844967$ & $-0.225141$ & $0.0416395$ & $-0.555749$ & $0.20741$ & $0.323645$ & $-0.0110971$ & $0.00514472$ & $0.0137148$ & $-0.0151229$ & $-0.00866152$ & $0.269368$ & $-0.0200534$ & $0.0201453$ & $0.000242721$ & $0.00468857$ & $0.0345819$ & $0.00217292$ & $-0.0129049$ & $-0.00238082$ & $-0.00892039$ & $0.00469721$ & $0.000142487$ & $0.0147089$ & $0.0220953$ & $-0.0208015$ & $-0.0145406$ \\
CHe_22 & $-0.00300296$ & $0.0327721$ & $-0.0147137$ & $-0.00725681$ & $0.0214534$ & $-0.181746$ & $0.00319214$ & $0.906608$ & $0.886922$ & $-0.348003$ & $-0.991227$ & $-0.332476$ & $0.538134$ & $0.330898$ & $0.325463$ & $0.262491$ & $-0.00221414$ & $0.00168652$ & $0.972309$ & $1$ & $0.974988$ & $0.0450044$ & $-0.338175$ & $0.0365846$ & $-0.568016$ & $0.364774$ & $0.333991$ & $-0.0133596$ & $0.00326196$ & $0.0142069$ & $-0.0136716$ & $-0.0111489$ & $0.437352$ & $-0.0192559$ & $0.0210221$ & $0.00377367$ & $0.000872752$ & $0.0332518$ & $0.00151015$ & $-0.0123678$ & $-0.00235737$ & $-0.00967859$ & $0.00856321$ & $-0.00337469$ & $0.0145143$ & $0.0204218$ & $-0.0142832$ & $-0.0169777$ \\
CHe_33 & $-0.00380922$ & $0.0339007$ & $-0.0144498$ & $-0.00794448$ & $0.0222875$ & $-0.17966$ & $0.00321832$ & $0.888454$ & $0.868901$ & $-0.34093$ & $-0.969483$ & $-0.322483$ & $0.521293$ & $0.317829$ & $0.340335$ & $0.25458$ & $0.00103057$ & $0.00462274$ & $0.951228$ & $0.974988$ & $1$ & $0.0453858$ & $-0.333895$ & $0.0370585$ & $-0.555252$ & $0.362193$ & $0.32453$ & $-0.0101822$ & $0.00385116$ & $0.012743$ & $-0.0127332$ & $-0.0108885$ & $0.437087$ & $-0.0182808$ & $0.0203803$ & $0.00417034$ & $0.000841088$ & $0.0351189$ & $0.00320976$ & $-0.0124555$ & $-0.00179648$ & $-0.00697128$ & $0.00576375$ & $-0.00570297$ & $0.015429$ & $0.0221269$ & $-0.0149807$ & $-0.0171064$ \\
CHQ1_11 & $-0.0115643$ & $-0.0047327$ & $0.0140516$ & $-0.00283474$ & $0.0154394$ & $-0.0128906$ & $0.01092$ & $0.0690309$ & $0.0691964$ & $-0.0527311$ & $-0.0160458$ & $-0.0332369$ & $-0.0669288$ & $-0.175887$ & $-0.167532$ & $-0.0674113$ & $0.0211183$ & $0.0165468$ & $-0.00844967$ & $0.0450044$ & $0.0453858$ & $1$ & $-0.14138$ & $0.0927402$ & $-0.679302$ & $0.343819$ & $0.0184934$ & $0.00854497$ & $0.0077505$ & $0.00552368$ & $0.0111735$ & $0.00264729$ & $0.205223$ & $-0.0048774$ & $0.0080232$ & $-0.00807152$ & $-0.0230297$ & $-0.00554287$ & $-0.00919017$ & $-0.00308792$ & $0.00535206$ & $0.0117459$ & $-0.00767583$ & $-0.0123562$ & $0.00709415$ & $-0.0150279$ & $-0.0057139$ & $-0.000994969$ \\
CHQ1_33 & $-0.0305738$ & $-0.0146875$ & $0.00824912$ & $-0.0114023$ & $-0.00384052$ & $0.0068846$ & $-0.0129951$ & $-0.630656$ & $-0.624633$ & $0.522313$ & $0.281455$ & $0.149486$ & $0.409509$ & $0.145919$ & $0.138346$ & $0.623386$ & $0.550821$ & $0.552973$ & $-0.225141$ & $-0.338175$ & $-0.333895$ & $-0.14138$ & $1$ & $0.581739$ & $0.182888$ & $-0.414899$ & $-0.0123817$ & $-0.00324387$ & $8.95784e-05$ & $-0.00604199$ & $-0.00594478$ & $0.0170634$ & $-0.614994$ & $-0.0115643$ & $0.0053304$ & $-0.0110092$ & $0.0057594$ & $-0.00464349$ & $-0.010523$ & $-0.00846795$ & $0.0068874$ & $0.0137673$ & $-0.0123454$ & $0.0128766$ & $-0.00464057$ & $-0.00598238$ & $-0.0244929$ & $0.0143893$ \\
CHQ3_11 & $-0.0491391$ & $-0.00991583$ & $0.0107009$ & $0.0101793$ & $0.0142493$ & $-0.093557$ & $0.00663243$ & $-0.317773$ & $-0.318335$ & $0.431323$ & $-0.0382508$ & $-0.0138953$ & $0.563957$ & $-0.118231$ & $-0.113975$ & $0.747291$ & $0.766642$ & $0.764234$ & $0.0416395$ & $0.0365846$ & $0.0370585$ & $0.0927402$ & $0.581739$ & $1$ & $-0.0239366$ & $0.269433$ & $0.0145894$ & $3.0356e-05$ & $-0.00436808$ & $-0.00675668$ & $0.00381382$ & $0.012091$ & $-0.13333$ & $-0.0312827$ & $0.0146854$ & $-0.00926496$ & $-0.00307362$ & $-0.0066189$ & $-0.0113397$ & $-0.0180607$ & $0.00679798$ & $0.0135658$ & $0.00553285$ & $-0.0029723$ & $0.00724834$ & $-0.0278396$ & $-0.0252756$ & $0.014922$ \\
CHu_11 & $-0.00268101$ & $-0.017304$ & $0.00870952$ & $0.00612703$ & $-0.022026$ & $0.106051$ & $0.00561584$ & $-0.512911$ & $-0.502012$ & $0.194757$ & $0.565292$ & $0.185282$ & $-0.313571$ & $-0.192861$ & $-0.191315$ & $-0.156145$ & $-0.00436725$ & $-0.00414234$ & $-0.555749$ & $-0.568016$ & $-0.555252$ & $-0.679302$ & $0.182888$ & $-0.0239366$ & $1$ & $-0.171769$ & $-0.19407$ & $0.000350955$ & $-0.00973265$ & $-0.0148172$ & $0.013016$ & $0.00544074$ & $-0.242477$ & $0.00565616$ & $-0.015929$ & $-0.00374177$ & $0.0106718$ & $-0.0194058$ & $0.00529723$ & $-0.00422235$ & $-0.00914877$ & $0.00143482$ & $0.00692663$ & $0.00896908$ & $-0.0126252$ & $-0.0132038$ & $0.00675874$ & $0.0132526$ \\
CHd_11 & $-0.00143457$ & $0.0185218$ & $0.0142574$ & $0.0280063$ & $0.0168671$ & $-0.0793323$ & $0.0256436$ & $0.412774$ & $0.405833$ & $-0.223025$ & $-0.283011$ & $-0.175389$ & $-0.0660267$ & $-0.413192$ & $-0.391905$ & $-0.124776$ & $0.0544066$ & $0.0455498$ & $0.20741$ & $0.364774$ & $0.362193$ & $0.343819$ & $-0.414899$ & $0.269433$ & $-0.171769$ & $1$ & $0.116433$ & $-0.00073786$ & $-0.00672489$ & $-0.00103094$ & $0.0157236$ & $-0.00708344$ & $0.686197$ & $-0.0121033$ & $-0.00142679$ & $-0.000894706$ & $-0.0224018$ & $0.00291575$ & $-0.0051654$ & $-0.0109117$ & $-0.00550183$ & $0.000972037$ & $0.0134858$ & $-0.0255125$ & $0.0110641$ & $-0.0210246$ & $0.00341202$ & $0.000941315$ \\
CHd_33 & $0.0154425$ & $0.0209202$ & $-0.00149037$ & $-0.00856328$ & $0.000824481$ & $-0.0625195$ & $-0.000513371$ & $0.304242$ & $0.295931$ & $-0.114687$ & $-0.330848$ & $-0.109973$ & $0.177646$ & $0.108889$ & $0.0977555$ & $0.0851897$ & $-0.00330058$ & $0.00378013$ & $0.323645$ & $0.333991$ & $0.32453$ & $0.0184934$ & $-0.0123817$ & $0.0145894$ & $-0.19407$ & $0.116433$ & $1$ & $0.00261806$ & $-0.0019154$ & $0.00203417$ & $-0.00482626$ & $-0.00828515$ & $0.149182$ & $0.0104724$ & $-0.000845444$ & $0.00381558$ & $0.00106533$ & $0.0212806$ & $0.00751667$ & $-0.00214985$ & $0.0047285$ & $-0.0142237$ & $-0.0096156$ & $-0.00958154$ & $-0.00132833$ & $0.0149488$ & $0.00243767$ & $-0.00220024$ \\
CeH_22r & $0.0197625$ & $0.0172763$ & $0.0154366$ & $-0.0102475$ & $-0.0050998$ & $0.00611869$ & $0.0150705$ & $-0.0101309$ & $-0.00437847$ & $0.00833457$ & $0.012869$ & $0.0399117$ & $-0.0157643$ & $0.000360863$ & $-0.000982406$ & $-0.00542911$ & $-0.00728632$ & $-0.00402973$ & $-0.0110971$ & $-0.0133596$ & $-0.0101822$ & $0.00854497$ & $-0.00324387$ & $3.0356e-05$ & $0.000350955$ & $-0.00073786$ & $0.00261806$ & $1$ & $0.0342741$ & $0.0113857$ & $0.0003512$ & $0.0334668$ & $-0.00667183$ & $0.00448546$ & $-0.00822454$ & $-0.017558$ & $0.000229064$ & $-0.00846048$ & $-0.00293365$ & $-0.00861294$ & $-0.00911746$ & $-0.0165738$ & $0.00271078$ & $0.00371865$ & $-0.00594646$ & $0.00321096$ & $0.0015947$ & $-0.00555975$ \\
CeH_33r & $-0.0328699$ & $-0.019206$ & $0.0367007$ & $-0.0176441$ & $0.00948446$ & $-7.92815e-05$ & $-0.0538743$ & $0.00426621$ & $0.0291295$ & $-0.0653729$ & $-0.00459034$ & $0.198422$ & $0.0059253$ & $0.00614211$ & $0.00430881$ & $-0.00323411$ & $-0.00330684$ & $-0.00234909$ & $0.00514472$ & $0.00326196$ & $0.00385116$ & $0.0077505$ & $8.95784e-05$ & $-0.00436808$ & $-0.00973265$ & $-0.00672489$ & $-0.0019154$ & $0.0342741$ & $1$ & $0.28875$ & $0.0991813$ & $0.690327$ & $-0.00523803$ & $-0.0569445$ & $0.0227105$ & $-0.0932154$ & $-0.0212717$ & $-0.0441087$ & $-0.00344691$ & $-0.0539616$ & $-0.0126969$ & $0.0259134$ & $0.0386849$ & $0.0272099$ & $-0.0225986$ & $-0.0348889$ & $-0.0304547$ & $-0.00736487$ \\
CuH_22r & $0.117531$ & $0.123321$ & $-0.0246738$ & $-0.0880423$ & $-0.00917148$ & $-0.00453839$ & $-0.0471999$ & $0.00843406$ & $0.0163596$ & $-0.0391508$ & $-0.0131511$ & $0.0353731$ & $0.0146202$ & $0.00341387$ & $0.0042961$ & $0.00276628$ & $0.00416388$ & $0.00283847$ & $0.0137148$ & $0.0142069$ & $0.012743$ & $0.00552368$ & $-0.00604199$ & $-0.00675668$ & $-0.0148172$ & $-0.00103094$ & $0.00203417$ & $0.0113857$ & $0.28875$ & $1$ & $0.0463066$ & $0.3704$ & $0.00521079$ & $0.00923753$ & $0.0551396$ & $0.0151497$ & $-0.00482041$ & $0.0410488$ & $-0.0161731$ & $-0.000799881$ & $0.0373556$ & $-0.0688948$ & $0.018762$ & $0.0091845$ & $-0.0411814$ & $0.204509$ & $0.0484581$ & $-0.0148842$ \\
CuH_33r & $-0.0496069$ & $-0.0481954$ & $-0.00472922$ & $-0.0605704$ & $0.0181933$ & $0.0142043$ & $0.929283$ & $-0.00762212$ & $0.0390485$ & $0.0218889$ & $0.014853$ & $0.066134$ & $-0.0128411$ & $-0.0158847$ & $-0.0180856$ & $-0.0159401$ & $-0.00236714$ & $-0.000312987$ & $-0.0151229$ & $-0.0136716$ & $-0.0127332$ & $0.0111735$ & $-0.00594478$ & $0.00381382$ & $0.013016$ & $0.0157236$ & $-0.00482626$ & $0.0003512$ & $0.0991813$ & $0.0463066$ & $1$ & $0.150562$ & $0.00358789$ & $0.019498$ & $0.0457917$ & $-0.0405908$ & $-0.0321622$ & $-0.0772365$ & $0.0653555$ & $0.00645179$ & $0.00679649$ & $0.0228276$ & $-0.0287159$ & $-0.0880049$ & $0.00104507$ & $-0.0583261$ & $0.0352257$ & $0.0672542$ \\
CdH_33r & $-0.0083299$ & $-0.0356081$ & $0.0272637$ & $-0.0331777$ & $0.0114272$ & $-0.0058456$ & $-0.0636524$ & $-0.0150673$ & $0.0123823$ & $-0.0732479$ & $0.00935242$ & $0.264385$ & $0.0094364$ & $0.00227456$ & $-0.00602329$ & $0.00682332$ & $0.00891929$ & $0.0144136$ & $-0.00866152$ & $-0.0111489$ & $-0.0108885$ & $0.00264729$ & $0.0170634$ & $0.012091$ & $0.00544074$ & $-0.00708344$ & $-0.00828515$ & $0.0334668$ & $0.690327$ & $0.3704$ & $0.150562$ & $1$ & $-0.0173904$ & $0.026942$ & $0.0155527$ & $-0.0955617$ & $-0.019656$ & $-0.102127$ & $0.0165534$ & $-0.0195139$ & $-0.0190404$ & $-0.0199565$ & $-0.0567531$ & $-0.0596913$ & $-0.0252708$ & $-0.0456$ & $0.0266191$ & $0.186947$ \\
CLL_1221 & $0.0226362$ & $0.0415351$ & $-0.00217041$ & $0.0200052$ & $0.0105294$ & $-0.124819$ & $0.0132306$ & $0.538115$ & $0.527789$ & $-0.323402$ & $-0.350334$ & $-0.206102$ & $-0.164672$ & $-0.620543$ & $-0.121348$ & $-0.195188$ & $0.128457$ & $-0.284469$ & $0.269368$ & $0.437352$ & $0.437087$ & $0.205223$ & $-0.614994$ & $-0.13333$ & $-0.242477$ & $0.686197$ & $0.149182$ & $-0.00667183$ & $-0.00523803$ & $0.00521079$ & $0.00358789$ & $-0.0173904$ & $1$ & $0.00153848$ & $0.00967514$ & $0.0104211$ & $-0.0159884$ & $0.016751$ & $0.000978796$ & $0.00513695$ & $6.48197e-05$ & $-0.0124323$ & $0.00838259$ & $-0.0283243$ & $0.0120036$ & $0.0103925$ & $0.0194855$ & $-0.0115449$ \\
eHggint & $0.304654$ & $0.131444$ & $-0.195029$ & $-0.178948$ & $-0.00839918$ & $-0.00240617$ & $-0.0160175$ & $-0.014924$ & $-0.0319253$ & $0.0151341$ & $0.0191214$ & $0.0499071$ & $-0.0234037$ & $-0.00814031$ & $-0.0026013$ & $-0.0119317$ & $-0.00941598$ & $-0.0118294$ & $-0.0200534$ & $-0.0192559$ & $-0.0182808$ & $-0.0048774$ & $-0.0115643$ & $-0.0312827$ & $0.00565616$ & $-0.0121033$ & $0.0104724$ & $0.00448546$ & $-0.0569445$ & $0.00923753$ & $0.019498$ & $0.026942$ & $0.00153848$ & $1$ & $-0.0558569$ & $0.313996$ & $0.0107774$ & $-0.0189333$ & $0.0580422$ & $0.10192$ & $0.028454$ & $-0.277364$ & $-0.309921$ & $-0.10467$ & $0.072833$ & $0.118313$ & $0.437203$ & $0.27127$ \\
eHggpar & $-0.221861$ & $0.239097$ & $-0.208688$ & $-0.445252$ & $0.0160918$ & $-0.0227455$ & $0.0191556$ & $0.00883053$ & $0.00626506$ & $0.00929597$ & $-0.0176279$ & $0.0167547$ & $0.0155122$ & $0.00823846$ & $0.0123569$ & $0.019395$ & $0.00878173$ & $0.0080175$ & $0.0201453$ & $0.0210221$ & $0.0203803$ & $0.0080232$ & $0.0053304$ & $0.0146854$ & $-0.015929$ & $-0.00142679$ & $-0.000845444$ & $-0.00822454$ & $0.0227105$ & $0.0551396$ & $0.0457917$ & $0.0155527$ & $0.00967514$ & $-0.0558569$ & $1$ & $-0.170949$ & $0.084241$ & $-0.272782$ & $0.0953381$ & $-0.116545$ & $0.10467$ & $0.048385$ & $0.105522$ & $0.206252$ & $-0.16039$ & $0.216415$ & $0.193494$ & $-0.084572$ \\
eHWWint & $0.272348$ & $-0.122588$ & $-0.358269$ & $0.177082$ & $-0.00831061$ & $-0.021668$ & $-0.0273527$ & $0.00310036$ & $-0.00849144$ & $-0.0129241$ & $-0.00645161$ & $-0.0167907$ & $0.00229701$ & $-0.00968684$ & $-0.00451117$ & $0.0114464$ & $0.0118929$ & $0.00586514$ & $0.000242721$ & $0.00377367$ & $0.00417034$ & $-0.00807152$ & $-0.0110092$ & $-0.00926496$ & $-0.00374177$ & $-0.000894706$ & $0.00381558$ & $-0.017558$ & $-0.0932154$ & $0.0151497$ & $-0.0405908$ & $-0.0955617$ & $0.0104211$ & $0.313996$ & $-0.170949$ & $1$ & $-0.00939466$ & $0.373613$ & $-0.0233957$ & $0.496813$ & $0.114015$ & $-0.0932955$ & $-0.1915$ & $0.0264045$ & $0.205168$ & $0.229578$ & $0.169129$ & $0.0336622$ \\
eHWWpar & $-0.029478$ & $0.0456176$ & $0.0376431$ & $-0.122327$ & $0.00213263$ & $-0.0039748$ & $-0.0277804$ & $-0.00179637$ & $-0.00468839$ & $0.0124763$ & $-0.0027215$ & $0.0143447$ & $0.0075859$ & $0.0197299$ & $0.0206932$ & $0.00681585$ & $-0.00521142$ & $-0.00512124$ & $0.00468857$ & $0.000872752$ & $0.000841088$ & $-0.0230297$ & $0.0057594$ & $-0.00307362$ & $0.0106718$ & $-0.0224018$ & $0.00106533$ & $0.000229064$ & $-0.0212717$ & $-0.00482041$ & $-0.0321622$ & $-0.019656$ & $-0.0159884$ & $0.0107774$ & $0.084241$ & $-0.00939466$ & $1$ & $0.0608636$ & $-0.0445762$ & $-0.103916$ & $-0.00813056$ & $-0.00577056$ & $-0.0697085$ & $-0.00162863$ & $-0.0253636$ & $0.0494729$ & $-0.0867887$ & $0.103816$ \\
eHZZint & $0.132064$ & $0.0910674$ & $-0.319426$ & $0.205634$ & $-0.0253421$ & $0.0144625$ & $-0.0582709$ & $0.0265896$ & $0.0205401$ & $-0.0262734$ & $-0.0349499$ & $-0.0353873$ & $0.025322$ & $0.00836361$ & $0.0208391$ & $0.0119597$ & $0.00924877$ & $-0.00311803$ & $0.0345819$ & $0.0332518$ & $0.0351189$ & $-0.00554287$ & $-0.00464349$ & $-0.0066189$ & $-0.0194058$ & $0.00291575$ & $0.0212806$ & $-0.00846048$ & $-0.0441087$ & $0.0410488$ & $-0.0772365$ & $-0.102127$ & $0.016751$ & $-0.0189333$ & $-0.272782$ & $0.373613$ & $0.0608636$ & $1$ & $-0.202957$ & $0.175935$ & $0.0256656$ & $-0.045118$ & $-0.268672$ & $-0.0382603$ & $0.276741$ & $0.23896$ & $-0.35533$ & $-0.100419$ \\
eHZZpar & $0.0174826$ & $0.0105583$ & $0.00354106$ & $-0.00607678$ & $-0.0224371$ & $-0.00484302$ & $0.053648$ & $0.00458409$ & $0.00301925$ & $0.00514827$ & $-0.00179067$ & $0.0112613$ & $-0.00696568$ & $0.00370319$ & $0.00152798$ & $-0.00610505$ & $-0.00872202$ & $-0.00531572$ & $0.00217292$ & $0.00151015$ & $0.00320976$ & $-0.00919017$ & $-0.010523$ & $-0.0113397$ & $0.00529723$ & $-0.0051654$ & $0.00751667$ & $-0.00293365$ & $-0.00344691$ & $-0.0161731$ & $0.0653555$ & $0.0165534$ & $0.000978796$ & $0.0580422$ & $0.0953381$ & $-0.0233957$ & $-0.0445762$ & $-0.202957$ & $1$ & $-0.023131$ & $-0.0321511$ & $-0.0221966$ & $0.0279534$ & $-0.0641529$ & $-0.0806131$ & $-0.0462199$ & $0.0400529$ & $0.0337421$ \\
eHZgaint & $0.176329$ & $-0.134647$ & $-0.388526$ & $0.267155$ & $0.0302637$ & $-0.0172433$ & $0.0125803$ & $-0.00625271$ & $-0.0126494$ & $-0.0278069$ & $0.010029$ & $-0.0172475$ & $-0.012894$ & $-0.0166995$ & $-0.00149188$ & $-0.00792749$ & $0.00384037$ & $-0.0103221$ & $-0.0129049$ & $-0.0123678$ & $-0.0124555$ & $-0.00308792$ & $-0.00846795$ & $-0.0180607$ & $-0.00422235$ & $-0.0109117$ & $-0.00214985$ & $-0.00861294$ & $-0.0539616$ & $-0.000799881$ & $0.00645179$ & $-0.0195139$ & $0.00513695$ & $0.10192$ & $-0.116545$ & $0.496813$ & $-0.103916$ & $0.175935$ & $-0.023131$ & $1$ & $0.0192501$ & $-0.0697414$ & $-0.215622$ & $-0.438833$ & $0.324421$ & $0.0213957$ & $0.293277$ & $0.00583494$ \\
eHZgapar & $0.173303$ & $0.133832$ & $-0.0677112$ & $-0.0331378$ & $-0.0149302$ & $-0.0147846$ & $0.00686319$ & $-0.0122782$ & $-0.0214056$ & $0.0150741$ & $0.00260303$ & $-0.00176988$ & $0.0065874$ & $-0.00251538$ & $0.00361715$ & $0.0193453$ & $0.0168154$ & $0.012291$ & $-0.00238082$ & $-0.00235737$ & $-0.00179648$ & $0.00535206$ & $0.0068874$ & $0.00679798$ & $-0.00914877$ & $-0.00550183$ & $0.0047285$ & $-0.00911746$ & $-0.0126969$ & $0.0373556$ & $0.00679649$ & $-0.0190404$ & $6.48197e-05$ & $0.028454$ & $0.10467$ & $0.114015$ & $-0.00813056$ & $0.0256656$ & $-0.0321511$ & $0.0192501$ & $1$ & $-0.190804$ & $0.0375842$ & $0.046374$ & $-0.0161335$ & $0.18441$ & $0.152094$ & $-0.0365874$ \\
eHgagaint & $-0.561866$ & $-0.348134$ & $0.183325$ & $0.075955$ & $-0.00852626$ & $0.00710597$ & $0.0313911$ & $0.00508345$ & $0.0387973$ & $-0.00486238$ & $0.00818219$ & $-0.00191942$ & $-0.0152096$ & $0.00436453$ & $-0.00669712$ & $-0.0184446$ & $-0.0190025$ & $-0.00831982$ & $-0.00892039$ & $-0.00967859$ & $-0.00697128$ & $0.0117459$ & $0.0137673$ & $0.0135658$ & $0.00143482$ & $0.000972037$ & $-0.0142237$ & $-0.0165738$ & $0.0259134$ & $-0.0688948$ & $0.0228276$ & $-0.0199565$ & $-0.0124323$ & $-0.277364$ & $0.048385$ & $-0.0932955$ & $-0.00577056$ & $-0.045118$ & $-0.0221966$ & $-0.0697414$ & $-0.190804$ & $1$ & $-0.038155$ & $0.0527247$ & $0.0201222$ & $-0.300065$ & $-0.526088$ & $-0.00588773$ \\
eHmumuint & $-0.026538$ & $0.0579374$ & $0.131137$ & $0.158783$ & $0.0130364$ & $-0.00798607$ & $-0.0226548$ & $0.00744333$ & $0.00836355$ & $-0.00743945$ & $-0.0053254$ & $-0.0169607$ & $0.00575706$ & $-0.00261869$ & $-0.00476608$ & $-0.00507942$ & $-0.00130151$ & $-0.000432068$ & $0.00469721$ & $0.00856321$ & $0.00576375$ & $-0.00767583$ & $-0.0123454$ & $0.00553285$ & $0.00692663$ & $0.0134858$ & $-0.0096156$ & $0.00271078$ & $0.0386849$ & $0.018762$ & $-0.0287159$ & $-0.0567531$ & $0.00838259$ & $-0.309921$ & $0.105522$ & $-0.1915$ & $-0.0697085$ & $-0.268672$ & $0.0279534$ & $-0.215622$ & $0.0375842$ & $-0.038155$ & $1$ & $0.375555$ & $-0.424582$ & $0.0816189$ & $0.208594$ & $-0.543934$ \\
eHtautauint & $-0.0661343$ & $-0.117541$ & $0.0402888$ & $-0.169942$ & $-0.0108959$ & $0.0173743$ & $-0.0838026$ & $-0.00362232$ & $-0.00684414$ & $0.0153022$ & $-0.000442631$ & $-0.00137849$ & $0.0157694$ & $0.0210341$ & $0.00938592$ & $0.00123808$ & $-0.00543362$ & $0.00439299$ & $0.000142487$ & $-0.00337469$ & $-0.00570297$ & $-0.0123562$ & $0.0128766$ & $-0.0029723$ & $0.00896908$ & $-0.0255125$ & $-0.00958154$ & $0.00371865$ & $0.0272099$ & $0.0091845$ & $-0.0880049$ & $-0.0596913$ & $-0.0283243$ & $-0.10467$ & $0.206252$ & $0.0264045$ & $-0.00162863$ & $-0.0382603$ & $-0.0641529$ & $-0.438833$ & $0.046374$ & $0.0527247$ & $0.375555$ & $1$ & $-0.235353$ & $0.0927471$ & $-0.186792$ & $-0.177481$ \\
eHccint & $-0.067621$ & $-0.390586$ & $-0.51071$ & $0.219713$ & $0.0253296$ & $-0.0120793$ & $0.00700314$ & $0.021621$ & $0.0219257$ & $-0.0223598$ & $-0.0200324$ & $-0.0191238$ & $0.00760565$ & $-0.0104777$ & $0.0113948$ & $0.000829109$ & $0.0107731$ & $-0.00745106$ & $0.0147089$ & $0.0145143$ & $0.015429$ & $0.00709415$ & $-0.00464057$ & $0.00724834$ & $-0.0126252$ & $0.0110641$ & $-0.00132833$ & $-0.00594646$ & $-0.0225986$ & $-0.0411814$ & $0.00104507$ & $-0.0252708$ & $0.0120036$ & $0.072833$ & $-0.16039$ & $0.205168$ & $-0.0253636$ & $0.276741$ & $-0.0806131$ & $0.324421$ & $-0.0161335$ & $0.0201222$ & $-0.424582$ & $-0.235353$ & $1$ & $-0.318035$ & $-0.295776$ & $0.0957723$ \\
eHccpar & $0.556376$ & $0.628583$ & $-0.0924749$ & $-0.369207$ & $-0.0349801$ & $-0.00713126$ & $-0.0607666$ & $-0.00202473$ & $-0.0206116$ & $-0.00877351$ & $-0.0171385$ & $-0.0205344$ & $0.0214924$ & $0.0142527$ & $0.023637$ & $0.0271777$ & $0.0136571$ & $0.00715455$ & $0.0220953$ & $0.0204218$ & $0.0221269$ & $-0.0150279$ & $-0.00598238$ & $-0.0278396$ & $-0.0132038$ & $-0.0210246$ & $0.0149488$ & $0.00321096$ & $-0.0348889$ & $0.204509$ & $-0.0583261$ & $-0.0456$ & $0.0103925$ & $0.118313$ & $0.216415$ & $0.229578$ & $0.0494729$ & $0.23896$ & $-0.0462199$ & $0.0213957$ & $0.18441$ & $-0.300065$ & $0.0816189$ & $0.0927471$ & $-0.318035$ & $1$ & $0.276314$ & $-0.0809048$ \\
eHbbint & $0.323126$ & $0.318135$ & $-0.0334013$ & $-0.127235$ & $-0.0120452$ & $-0.0117467$ & $0.0146147$ & $-0.0148193$ & $-0.0352569$ & $0.00299157$ & $0.0196534$ & $0.0242703$ & $-0.023084$ & $-0.0207887$ & $-0.0167629$ & $-0.0103764$ & $-0.00391631$ & $-0.00621918$ & $-0.0208015$ & $-0.0142832$ & $-0.0149807$ & $-0.0057139$ & $-0.0244929$ & $-0.0252756$ & $0.00675874$ & $0.00341202$ & $0.00243767$ & $0.0015947$ & $-0.0304547$ & $0.0484581$ & $0.0352257$ & $0.0266191$ & $0.0194855$ & $0.437203$ & $0.193494$ & $0.169129$ & $-0.0867887$ & $-0.35533$ & $0.0400529$ & $0.293277$ & $0.152094$ & $-0.526088$ & $0.208594$ & $-0.186792$ & $-0.295776$ & $0.276314$ & $1$ & $-0.129922$ \\
eHbbpar & $0.0309674$ & $-0.196199$ & $-0.0365129$ & $-0.0919482$ & $0.0212749$ & $-0.0015584$ & $0.0504124$ & $-0.0161772$ & $-0.0165596$ & $0.00802571$ & $0.0135091$ & $0.0162483$ & $-0.00623103$ & $-0.00601823$ & $-0.00955668$ & $0.0106131$ & $0.0112357$ & $0.013239$ & $-0.0145406$ & $-0.0169777$ & $-0.0171064$ & $-0.000994969$ & $0.0143893$ & $0.014922$ & $0.0132526$ & $0.000941315$ & $-0.00220024$ & $-0.00555975$ & $-0.00736487$ & $-0.0148842$ & $0.0672542$ & $0.186947$ & $-0.0115449$ & $0.27127$ & $-0.084572$ & $0.0336622$ & $0.103816$ & $-0.100419$ & $0.0337421$ & $0.00583494$ & $-0.0365874$ & $-0.00588773$ & $-0.543934$ & $-0.177481$ & $0.0957723$ & $-0.0809048$ & $-0.129922$ & $1$ \\
